
Tempo:450018.03466666664
Destinazione	 NEXTHOP	 Costo
1011	1014	2.7476205960566222
1010	1014	3.1634637568221784
1008	1014	3.9951500783532907
1007	1014	4.410993239118847
1006	1014	4.826836399884403
1005	1014	5.242679560649959
1004	1014	5.658522721415515
1015	1014	1.489040573990625
1014	1014	1.0
1003	1014	6.0743658821810715
1002	1014	6.490209042946628
1013	1014	1.911527407698232
1012	1014	2.567761145526034
1001	1014	7.101228275698525
1009	1014	3.5793069175877346
=========================

Tempo:450018.03466666664
Destinazione	 NEXTHOP	 Costo
1011	1014	2.7476205960566222
1010	1014	3.1634637568221784
1008	1014	3.9951500783532907
1007	1014	4.410993239118847
1006	1014	4.826836399884403
1005	1014	5.242679560649959
1004	1014	5.658522721415515
1015	1015	0.6839182194860022
1014	1014	1.0
1003	1014	6.0743658821810715
1002	1014	6.490209042946628
1013	1014	1.911527407698232
1012	1015	2.4315388155426243
1001	1014	7.101228275698525
1009	1014	3.5793069175877346
=========================

Tempo:455018.03466666664
Destinazione	 NEXTHOP	 Costo
1011	1014	2.7476205960566222
1010	1014	3.1634637568221784
1008	1014	3.9951500783532907
1007	1014	4.410993239118847
1006	1014	4.826836399884403
1005	1014	5.242679560649959
1004	1014	5.658522721415515
1015	1015	0.6839182194860022
1014	1014	1.5678327897201771
1003	1014	6.0743658821810715
1002	1014	6.490209042946628
1013	1014	1.911527407698232
1012	1015	2.4315388155426243
1001	1014	7.101228275698525
1009	1014	3.5793069175877346
=========================

Tempo:455018.03466666664
Destinazione	 NEXTHOP	 Costo
1011	1014	2.7476205960566222
1010	1014	3.1634637568221784
1008	1014	3.9951500783532907
1007	1014	4.410993239118847
1006	1014	4.826836399884403
1005	1014	5.242679560649959
1004	1014	5.658522721415515
1015	1015	0.684293188405094
1014	1015	1.170658478591129
1003	1014	6.0743658821810715
1002	1014	6.490209042946628
1013	1015	1.7849514705000278
1012	1015	2.4315388155426243
1001	1014	7.101228275698525
1009	1014	3.5793069175877346
=========================

Tempo:460018.03466666664
Destinazione	 NEXTHOP	 Costo
1011	1014	2.7476205960566222
1010	1014	3.1634637568221784
1008	1014	3.9951500783532907
1007	1014	4.410993239118847
1006	1014	4.826836399884403
1005	1014	5.242679560649959
1004	1014	5.658522721415515
1015	1015	0.684293188405094
1014	1014	1.6797113495622755
1003	1014	6.0743658821810715
1002	1014	6.490209042946628
1013	1015	1.7849514705000278
1012	1015	2.4315388155426243
1001	1014	7.101228275698525
1009	1014	3.5793069175877346
=========================

Tempo:460018.03466666664
Destinazione	 NEXTHOP	 Costo
1011	1015	2.7207602031510856
1010	1015	3.1366033639166417
1008	1015	3.968289685447754
1007	1015	4.38413284621331
1006	1015	4.799976006978866
1005	1015	5.215819167744423
1004	1015	5.631662328509979
1015	1015	0.5572964463289072
1014	1015	1.2497938577503198
1003	1015	6.047505489275535
1002	1015	6.463348650041091
1013	1015	1.747620596056622
1012	1015	2.3049170423855294
1001	1015	7.074367882792989
1009	1015	3.552446524682198
=========================

Tempo:465018.03466666664
Destinazione	 NEXTHOP	 Costo
1011	1015	2.7207602031510856
1010	1015	3.1366033639166417
1008	1015	3.968289685447754
1007	1015	4.38413284621331
1006	1015	4.799976006978866
1005	1015	5.215819167744423
1004	1015	5.631662328509979
1015	1015	0.5572964463289072
1014	1014	1.8557637275385024
1003	1015	6.047505489275535
1002	1015	6.463348650041091
1013	1015	1.747620596056622
1012	1015	2.3049170423855294
1001	1015	7.074367882792989
1009	1015	3.552446524682198
=========================

Tempo:465018.03466666664
Destinazione	 NEXTHOP	 Costo
1011	1015	2.584175748104779
1010	1015	3.0000189088703353
1008	1015	3.8317052304014476
1007	1015	4.247548391167004
1006	1015	4.66339155193256
1005	1015	5.079234712698116
1004	1015	5.495077873463672
1015	1015	0.4207119912826007
1014	1015	1.41302007431284
1003	1015	5.910921034229228
1002	1015	6.326764194994785
1013	1015	1.747620596056622
1012	1015	2.1683325873392225
1001	1015	6.937783427746682
1009	1015	3.4158620696358915
=========================

Tempo:470018.03466666664
Destinazione	 NEXTHOP	 Costo
1011	1015	2.584175748104779
1010	1015	3.0000189088703353
1008	1015	3.8317052304014476
1007	1015	4.247548391167004
1006	1015	4.66339155193256
1005	1015	5.079234712698116
1004	1015	5.495077873463672
1015	1015	0.4207119912826007
1014	1014	2.170969798412021
1003	1015	5.910921034229228
1002	1015	6.326764194994785
1013	1015	1.747620596056622
1012	1015	2.1683325873392225
1001	1015	6.937783427746682
1009	1015	3.4158620696358915
=========================

Tempo:470018.03466666664
Destinazione	 NEXTHOP	 Costo
1011	1015	2.5793069175877346
1010	1015	2.9951500783532907
1008	1015	3.826836399884403
1007	1015	4.242679560649959
1006	1015	4.658522721415515
1005	1015	5.0743658821810715
1004	1015	5.490209042946628
1015	1015	0.41584316076555616
1014	1015	1.486372171100703
1003	1015	5.906052203712184
1002	1015	6.32189536447774
1013	1015	1.747620596056622
1012	1015	2.1634637568221784
1001	1015	6.9329145972296375
1009	1015	3.410993239118847
=========================

Tempo:475018.03466666664
Destinazione	 NEXTHOP	 Costo
1011	1015	2.5793069175877346
1010	1015	2.9951500783532907
1008	1015	3.826836399884403
1007	1015	4.242679560649959
1006	1015	4.658522721415515
1005	1015	5.0743658821810715
1004	1015	5.490209042946628
1015	1015	0.41584316076555616
1014	1014	2.442341498385543
1003	1015	5.906052203712184
1002	1015	6.32189536447774
1013	1015	1.747620596056622
1012	1015	2.1634637568221784
1001	1015	6.9329145972296375
1009	1015	3.410993239118847
=========================

Tempo:475018.03466666664
Destinazione	 NEXTHOP	 Costo
1011	1015	2.5793069175877346
1010	1015	2.9951500783532907
1008	1015	3.826836399884403
1007	1015	4.242679560649959
1006	1015	4.658522721415515
1005	1015	5.0743658821810715
1004	1015	5.490209042946628
1015	1015	0.4395188195416564
1014	1015	1.525658783394507
1003	1015	5.906052203712184
1002	1015	6.32189536447774
1013	1015	1.747620596056622
1012	1015	2.1634637568221784
1001	1015	6.9329145972296375
1009	1015	3.410993239118847
=========================

Tempo:480018.03466666664
Destinazione	 NEXTHOP	 Costo
1011	1015	2.5793069175877346
1010	1015	2.9951500783532907
1008	1015	3.826836399884403
1007	1015	4.242679560649959
1006	1015	4.658522721415515
1005	1015	5.0743658821810715
1004	1015	5.490209042946628
1015	1015	0.4395188195416564
1014	1014	2.369044990398309
1003	1015	5.906052203712184
1002	1015	6.32189536447774
1013	1015	1.747620596056622
1012	1015	2.1634637568221784
1001	1015	6.9329145972296375
1009	1015	3.410993239118847
=========================

Tempo:480018.03466666664
Destinazione	 NEXTHOP	 Costo
1011	1015	2.5793069175877346
1010	1015	2.9951500783532907
1008	1015	3.826836399884403
1007	1015	4.242679560649959
1006	1015	4.658522721415515
1005	1015	5.0743658821810715
1004	1015	5.490209042946628
1015	1015	0.4625118556936663
1014	1015	1.3740392633918985
1003	1015	5.906052203712184
1002	1015	6.32189536447774
1013	1015	1.747620596056622
1012	1015	2.1634637568221784
1001	1015	6.9329145972296375
1009	1015	3.410993239118847
=========================

Tempo:480018.03466666664
Destinazione	 NEXTHOP	 Costo
1011	1015	2.5793069175877346
1010	1015	2.9951500783532907
1008	1015	3.826836399884403
1007	1015	4.242679560649959
1006	1015	4.658522721415515
1017	1017	1.0568902869439392
1005	1015	5.0743658821810715
1004	1015	5.490209042946628
1015	1015	0.4625118556936663
1014	1015	1.3740392633918985
1003	1015	5.906052203712184
1002	1015	6.32189536447774
1013	1015	1.747620596056622
1012	1015	2.1634637568221784
1001	1015	6.9329145972296375
1009	1015	3.410993239118847
=========================

Tempo:485018.03466666664
Destinazione	 NEXTHOP	 Costo
1011	1015	2.5793069175877346
1010	1015	2.9951500783532907
1008	1015	3.826836399884403
1007	1015	4.242679560649959
1006	1015	4.658522721415515
1017	1017	1.0568902869439392
1005	1015	5.0743658821810715
1004	1015	5.490209042946628
1015	1015	0.4625118556936663
1014	1014	2.025545059868497
1003	1015	5.906052203712184
1002	1015	6.32189536447774
1013	1015	1.747620596056622
1012	1015	2.1634637568221784
1001	1015	6.9329145972296375
1009	1015	3.410993239118847
=========================

Tempo:485018.03466666664
Destinazione	 NEXTHOP	 Costo
1011	1015	2.5793069175877346
1010	1015	2.9951500783532907
1008	1015	3.826836399884403
1007	1015	4.242679560649959
1006	1015	4.658522721415515
1017	1017	1.0568902869439392
1005	1015	5.0743658821810715
1004	1015	5.490209042946628
1015	1015	0.4863652901860349
1014	1015	1.1006582820949338
1003	1015	5.906052203712184
1002	1015	6.32189536447774
1013	1015	1.747620596056622
1012	1015	2.1634637568221784
1001	1015	6.9329145972296375
1009	1015	3.410993239118847
=========================

Tempo:485018.03466666664
Destinazione	 NEXTHOP	 Costo
1011	1015	2.5793069175877346
1010	1015	2.9951500783532907
1008	1015	3.826836399884403
1007	1015	4.242679560649959
1006	1015	4.658522721415515
1017	1017	1.0893741353858195
1005	1015	5.0743658821810715
1004	1015	5.490209042946628
1015	1015	0.4863652901860349
1014	1015	1.1006582820949338
1003	1015	5.906052203712184
1002	1015	6.32189536447774
1013	1015	1.747620596056622
1012	1015	2.1634637568221784
1001	1015	6.9329145972296375
1009	1015	3.410993239118847
=========================

Tempo:490018.03466666664
Destinazione	 NEXTHOP	 Costo
1011	1015	2.5793069175877346
1010	1015	2.9951500783532907
1008	1015	3.826836399884403
1007	1015	4.242679560649959
1006	1015	4.658522721415515
1017	1017	1.0893741353858195
1005	1015	5.0743658821810715
1004	1015	5.490209042946628
1015	1015	0.4863652901860349
1014	1014	2.2516884503573653
1003	1015	5.906052203712184
1002	1015	6.32189536447774
1013	1015	1.747620596056622
1012	1015	2.1634637568221784
1001	1015	6.9329145972296375
1009	1015	3.410993239118847
=========================

Tempo:490018.03466666664
Destinazione	 NEXTHOP	 Costo
1011	1015	2.5793069175877346
1010	1015	2.9951500783532907
1008	1015	3.826836399884403
1007	1015	4.242679560649959
1006	1015	4.658522721415515
1017	1017	1.0893741353858195
1005	1015	5.0743658821810715
1004	1015	5.490209042946628
1015	1015	0.6924974114214126
1014	1015	1.1903241497277148
1003	1015	5.906052203712184
1002	1015	6.32189536447774
1013	1015	1.747620596056622
1012	1015	2.1634637568221784
1001	1015	6.9329145972296375
1009	1015	3.410993239118847
=========================

Tempo:490018.03466666664
Destinazione	 NEXTHOP	 Costo
1011	1015	2.5793069175877346
1010	1015	2.9951500783532907
1008	1015	3.826836399884403
1007	1015	4.242679560649959
1006	1015	4.658522721415515
1017	1017	0.8249493898624018
1005	1015	5.0743658821810715
1004	1015	5.490209042946628
1015	1015	0.6924974114214126
1014	1015	1.1903241497277148
1003	1015	5.906052203712184
1002	1015	6.32189536447774
1013	1015	1.747620596056622
1012	1015	2.1634637568221784
1001	1015	6.9329145972296375
1009	1015	3.410993239118847
=========================

Tempo:495018.03466666664
Destinazione	 NEXTHOP	 Costo
1011	1015	2.5793069175877346
1010	1015	2.9951500783532907
1008	1015	3.826836399884403
1007	1015	4.242679560649959
1006	1015	4.658522721415515
1017	1017	0.8249493898624018
1005	1015	5.0743658821810715
1004	1015	5.490209042946628
1015	1015	0.6924974114214126
1014	1014	2.7370986479937307
1003	1015	5.906052203712184
1002	1015	6.32189536447774
1013	1015	1.747620596056622
1012	1015	2.1634637568221784
1001	1015	6.9329145972296375
1009	1015	3.410993239118847
=========================

Tempo:495018.03466666664
Destinazione	 NEXTHOP	 Costo
1011	1015	2.5793069175877346
1010	1015	2.9951500783532907
1008	1015	3.826836399884403
1007	1015	4.242679560649959
1006	1015	4.658522721415515
1017	1017	0.8249493898624018
1005	1015	5.0743658821810715
1004	1015	5.490209042946628
1015	1015	0.9923080830302393
1014	1015	1.4742475899348446
1003	1015	5.906052203712184
1002	1015	6.32189536447774
1013	1015	1.747620596056622
1012	1015	2.1634637568221784
1001	1015	6.9329145972296375
1009	1015	3.410993239118847
=========================

Tempo:495018.03466666664
Destinazione	 NEXTHOP	 Costo
1011	1015	2.5793069175877346
1010	1015	2.9951500783532907
1008	1015	3.826836399884403
1007	1015	4.242679560649959
1006	1015	4.658522721415515
1017	1017	0.5429678982742572
1005	1015	5.0743658821810715
1004	1015	5.490209042946628
1015	1015	0.9923080830302393
1014	1015	1.4742475899348446
1003	1015	5.906052203712184
1002	1015	6.32189536447774
1013	1015	1.747620596056622
1012	1015	2.1634637568221784
1001	1015	6.9329145972296375
1009	1015	3.410993239118847
=========================

Tempo:500018.03466666664
Destinazione	 NEXTHOP	 Costo
1011	1015	2.5793069175877346
1010	1015	2.9951500783532907
1008	1015	3.826836399884403
1007	1015	4.242679560649959
1006	1015	4.658522721415515
1017	1017	0.5429678982742572
1005	1015	5.0743658821810715
1004	1015	5.490209042946628
1015	1015	0.9923080830302393
1014	1014	2.8286619187760382
1003	1015	5.906052203712184
1002	1015	6.32189536447774
1013	1015	1.747620596056622
1012	1015	2.1634637568221784
1001	1015	6.9329145972296375
1009	1015	3.410993239118847
=========================

Tempo:500018.03466666664
Destinazione	 NEXTHOP	 Costo
1011	1015	2.5793069175877346
1010	1015	2.9951500783532907
1008	1015	3.826836399884403
1007	1015	4.242679560649959
1006	1015	4.658522721415515
1017	1017	0.5429678982742572
1005	1015	5.0743658821810715
1004	1015	5.490209042946628
1015	1015	1.0705290103351468
1014	1015	1.5521904994333067
1003	1015	5.906052203712184
1002	1015	6.32189536447774
1013	1015	1.747620596056622
1012	1015	2.1634637568221784
1001	1015	6.9329145972296375
1009	1015	3.410993239118847
=========================

Tempo:500018.03466666664
Destinazione	 NEXTHOP	 Costo
1011	1015	2.5793069175877346
1010	1015	2.9951500783532907
1008	1015	3.826836399884403
1007	1015	4.242679560649959
1006	1015	4.658522721415515
1017	1017	0.4891816954040285
1005	1015	5.0743658821810715
1004	1015	5.490209042946628
1015	1015	1.0705290103351468
1014	1015	1.5521904994333067
1003	1015	5.906052203712184
1002	1015	6.32189536447774
1013	1015	1.747620596056622
1012	1015	2.1634637568221784
1001	1015	6.9329145972296375
1009	1015	3.410993239118847
=========================

Tempo:505018.03466666664
Destinazione	 NEXTHOP	 Costo
1011	1015	2.5793069175877346
1010	1015	2.9951500783532907
1008	1015	3.826836399884403
1007	1015	4.242679560649959
1006	1015	4.658522721415515
1017	1017	0.4891816954040285
1005	1015	5.0743658821810715
1004	1015	5.490209042946628
1015	1015	1.0705290103351468
1014	1014	2.834088548034778
1003	1015	5.906052203712184
1002	1015	6.32189536447774
1013	1015	1.747620596056622
1012	1015	2.1634637568221784
1001	1015	6.9329145972296375
1009	1015	3.410993239118847
=========================

Tempo:505018.03466666664
Destinazione	 NEXTHOP	 Costo
1011	1015	2.5793069175877346
1010	1015	2.9951500783532907
1008	1015	3.826836399884403
1007	1015	4.242679560649959
1006	1015	4.658522721415515
1017	1017	0.4891816954040285
1005	1015	5.0743658821810715
1004	1015	5.490209042946628
1015	1015	1.0861399638528506
1014	1015	1.5860174976246635
1003	1015	5.906052203712184
1002	1015	6.32189536447774
1013	1015	1.747620596056622
1012	1015	2.1634637568221784
1001	1015	6.9329145972296375
1009	1015	3.410993239118847
=========================

Tempo:505018.03466666664
Destinazione	 NEXTHOP	 Costo
1011	1015	2.5793069175877346
1010	1015	2.9951500783532907
1008	1015	3.826836399884403
1007	1015	4.242679560649959
1006	1015	4.658522721415515
1017	1017	0.48904057399062484
1005	1015	5.0743658821810715
1004	1015	5.490209042946628
1015	1015	1.0861399638528506
1014	1015	1.5860174976246635
1003	1015	5.906052203712184
1002	1015	6.32189536447774
1013	1015	1.747620596056622
1012	1015	2.1634637568221784
1001	1015	6.9329145972296375
1009	1015	3.410993239118847
=========================

Tempo:510018.03466666664
Destinazione	 NEXTHOP	 Costo
1011	1015	2.5793069175877346
1010	1015	2.9951500783532907
1008	1015	3.826836399884403
1007	1015	4.242679560649959
1006	1015	4.658522721415515
1017	1017	0.48904057399062484
1005	1015	5.0743658821810715
1004	1015	5.490209042946628
1015	1015	1.0861399638528506
1014	1014	2.851910458796252
1003	1015	5.906052203712184
1002	1015	6.32189536447774
1013	1015	1.747620596056622
1012	1015	2.1634637568221784
1001	1015	6.9329145972296375
1009	1015	3.410993239118847
=========================

Tempo:510018.03466666664
Destinazione	 NEXTHOP	 Costo
1011	1015	2.5793069175877346
1010	1015	2.9951500783532907
1008	1015	3.826836399884403
1007	1015	4.242679560649959
1006	1015	4.658522721415515
1017	1017	0.48904057399062484
1005	1015	5.0743658821810715
1004	1015	5.490209042946628
1015	1015	0.9115274076982322
1014	1015	1.5677611455260339
1003	1015	5.906052203712184
1002	1015	6.32189536447774
1013	1015	1.747620596056622
1012	1015	2.1634637568221784
1001	1015	6.9329145972296375
1009	1015	3.410993239118847
=========================

Tempo:510018.03466666664
Destinazione	 NEXTHOP	 Costo
1011	1015	2.5793069175877346
1010	1015	2.9951500783532907
1008	1015	3.826836399884403
1007	1015	4.242679560649959
1006	1015	4.658522721415515
1017	1017	0.4979796611161938
1005	1015	5.0743658821810715
1004	1015	5.490209042946628
1015	1015	0.9115274076982322
1014	1015	1.5677611455260339
1003	1015	5.906052203712184
1002	1015	6.32189536447774
1013	1015	1.747620596056622
1012	1015	2.1634637568221784
1001	1015	6.9329145972296375
1009	1015	3.410993239118847
=========================

Tempo:510018.03466666664
Destinazione	 NEXTHOP	 Costo
1011	1015	2.5793069175877346
1010	1015	2.9951500783532907
1008	1015	3.826836399884403
1007	1015	4.242679560649959
1018	1018	3.043566294254816
1006	1015	4.658522721415515
1017	1017	0.4979796611161938
1005	1015	5.0743658821810715
1004	1015	5.490209042946628
1015	1015	0.9115274076982322
1014	1015	1.5677611455260339
1003	1015	5.906052203712184
1002	1015	6.32189536447774
1013	1015	1.747620596056622
1012	1015	2.1634637568221784
1001	1015	6.9329145972296375
1009	1015	3.410993239118847
=========================

Tempo:515018.03466666664
Destinazione	 NEXTHOP	 Costo
1011	1015	2.5793069175877346
1010	1015	2.9951500783532907
1008	1015	3.826836399884403
1007	1015	4.242679560649959
1018	1018	3.043566294254816
1006	1015	4.658522721415515
1017	1017	0.4979796611161938
1005	1015	5.0743658821810715
1004	1015	5.490209042946628
1015	1015	0.9115274076982322
1014	1014	2.8423322049273763
1003	1015	5.906052203712184
1002	1015	6.32189536447774
1013	1015	1.747620596056622
1012	1015	2.1634637568221784
1001	1015	6.9329145972296375
1009	1015	3.410993239118847
=========================

Tempo:515018.03466666664
Destinazione	 NEXTHOP	 Costo
1011	1015	2.5793069175877346
1010	1015	2.9951500783532907
1008	1015	3.826836399884403
1007	1015	4.242679560649959
1018	1018	3.043566294254816
1006	1015	4.658522721415515
1017	1017	0.4979796611161938
1005	1015	5.0743658821810715
1004	1015	5.490209042946628
1015	1015	0.6142929919088989
1014	1015	1.5679551090740491
1003	1015	5.906052203712184
1002	1015	6.32189536447774
1013	1015	1.747620596056622
1012	1015	2.1634637568221784
1001	1015	6.9329145972296375
1009	1015	3.410993239118847
=========================

Tempo:515018.03466666664
Destinazione	 NEXTHOP	 Costo
1011	1015	2.5793069175877346
1010	1015	2.9951500783532907
1008	1015	3.826836399884403
1007	1015	4.242679560649959
1018	1017	1.567525126794636
1006	1015	4.658522721415515
1017	1017	0.5106348398506969
1005	1015	5.0743658821810715
1004	1015	5.490209042946628
1015	1015	0.6142929919088989
1014	1015	1.5679551090740491
1003	1015	5.906052203712184
1002	1015	6.32189536447774
1013	1015	1.747620596056622
1012	1015	2.1634637568221784
1001	1015	6.9329145972296375
1009	1015	3.410993239118847
=========================

Tempo:515018.03466666664
Destinazione	 NEXTHOP	 Costo
1011	1015	2.5793069175877346
1010	1015	2.9951500783532907
1008	1015	3.826836399884403
1007	1015	4.242679560649959
1018	1018	3.0561014233806683
1006	1015	4.658522721415515
1017	1017	0.5106348398506969
1005	1015	5.0743658821810715
1004	1015	5.490209042946628
1015	1015	0.6142929919088989
1014	1015	1.5679551090740491
1003	1015	5.906052203712184
1002	1015	6.32189536447774
1013	1015	1.747620596056622
1012	1015	2.1634637568221784
1001	1015	6.9329145972296375
1009	1015	3.410993239118847
=========================

Tempo:520018.03466666664
Destinazione	 NEXTHOP	 Costo
1011	1015	2.5793069175877346
1010	1015	2.9951500783532907
1008	1015	3.826836399884403
1007	1015	4.242679560649959
1018	1018	3.0561014233806683
1006	1015	4.658522721415515
1017	1017	0.5106348398506969
1005	1015	5.0743658821810715
1004	1015	5.490209042946628
1015	1015	0.6142929919088989
1014	1014	2.7339546546370945
1003	1015	5.906052203712184
1002	1015	6.32189536447774
1013	1015	1.747620596056622
1012	1015	2.1634637568221784
1001	1015	6.9329145972296375
1009	1015	3.410993239118847
=========================

Tempo:520018.03466666664
Destinazione	 NEXTHOP	 Costo
1011	1015	2.5793069175877346
1010	1015	2.9951500783532907
1008	1015	3.826836399884403
1007	1015	4.242679560649959
1018	1018	3.0561014233806683
1006	1015	4.658522721415515
1017	1017	0.5106348398506969
1005	1015	5.0743658821810715
1004	1015	5.490209042946628
1015	1015	0.49782673830630214
1014	1015	1.4859938100785588
1003	1015	5.906052203712184
1002	1015	6.32189536447774
1013	1015	1.747620596056622
1012	1015	2.1634637568221784
1001	1015	6.9329145972296375
1009	1015	3.410993239118847
=========================

Tempo:520018.03466666664
Destinazione	 NEXTHOP	 Costo
1011	1015	2.5793069175877346
1010	1015	2.9951500783532907
1008	1015	3.826836399884403
1007	1015	4.242679560649959
1018	1017	1.8253678067955823
1006	1015	4.658522721415515
1017	1017	0.7359936714097627
1005	1015	5.0743658821810715
1004	1015	5.490209042946628
1015	1015	0.49782673830630214
1014	1015	1.4859938100785588
1003	1015	5.906052203712184
1002	1015	6.32189536447774
1013	1015	1.747620596056622
1012	1015	2.1634637568221784
1001	1015	6.9329145972296375
1009	1015	3.410993239118847
=========================

Tempo:520018.03466666664
Destinazione	 NEXTHOP	 Costo
1011	1015	2.5793069175877346
1010	1015	2.9951500783532907
1008	1015	3.826836399884403
1007	1015	4.242679560649959
1018	1018	3.0582140205116914
1006	1015	4.658522721415515
1017	1017	0.7359936714097627
1005	1015	5.0743658821810715
1004	1015	5.490209042946628
1015	1015	0.49782673830630214
1014	1015	1.4859938100785588
1003	1015	5.906052203712184
1002	1015	6.32189536447774
1013	1015	1.747620596056622
1012	1015	2.1634637568221784
1001	1015	6.9329145972296375
1009	1015	3.410993239118847
=========================

Tempo:525018.0346666666
Destinazione	 NEXTHOP	 Costo
1011	1015	2.5793069175877346
1010	1015	2.9951500783532907
1008	1015	3.826836399884403
1007	1015	4.242679560649959
1018	1018	3.0582140205116914
1006	1015	4.658522721415515
1017	1017	0.7359936714097627
1005	1015	5.0743658821810715
1004	1015	5.490209042946628
1015	1015	0.49782673830630214
1014	1014	2.236195379287064
1003	1015	5.906052203712184
1002	1015	6.32189536447774
1013	1015	1.747620596056622
1012	1015	2.1634637568221784
1001	1015	6.9329145972296375
1009	1015	3.410993239118847
=========================

Tempo:525018.0346666666
Destinazione	 NEXTHOP	 Costo
1011	1015	2.5793069175877346
1010	1015	2.9951500783532907
1008	1015	3.826836399884403
1007	1015	4.242679560649959
1018	1018	3.0582140205116914
1006	1015	4.658522721415515
1017	1017	0.7359936714097627
1005	1015	5.0743658821810715
1004	1015	5.490209042946628
1015	1015	0.48193950690460535
1014	1015	1.158617773307785
1003	1015	5.906052203712184
1002	1015	6.32189536447774
1013	1015	1.747620596056622
1012	1015	2.1634637568221784
1001	1015	6.9329145972296375
1009	1015	3.410993239118847
=========================

Tempo:525018.0346666666
Destinazione	 NEXTHOP	 Costo
1011	1015	2.5793069175877346
1010	1015	2.9951500783532907
1008	1015	3.826836399884403
1007	1015	4.242679560649959
1018	1017	1.8936556496065406
1006	1015	4.658522721415515
1017	1017	1.0687062597441388
1005	1015	5.0743658821810715
1004	1015	5.490209042946628
1015	1015	0.48193950690460535
1014	1015	1.158617773307785
1003	1015	5.906052203712184
1002	1015	6.32189536447774
1013	1015	1.747620596056622
1012	1015	2.1634637568221784
1001	1015	6.9329145972296375
1009	1015	3.410993239118847
=========================

Tempo:525018.0346666666
Destinazione	 NEXTHOP	 Costo
1011	1015	2.5793069175877346
1010	1015	2.9951500783532907
1008	1015	3.826836399884403
1007	1015	4.242679560649959
1018	1018	3.04802871156001
1006	1015	4.658522721415515
1017	1017	1.0687062597441388
1005	1015	5.0743658821810715
1004	1015	5.490209042946628
1015	1015	0.48193950690460535
1014	1015	1.158617773307785
1003	1015	5.906052203712184
1002	1015	6.32189536447774
1013	1015	1.747620596056622
1012	1015	2.1634637568221784
1001	1015	6.9329145972296375
1009	1015	3.410993239118847
=========================

Tempo:530018.0346666666
Destinazione	 NEXTHOP	 Costo
1011	1015	2.5793069175877346
1010	1015	2.9951500783532907
1008	1015	3.826836399884403
1007	1015	4.242679560649959
1018	1018	3.04802871156001
1006	1015	4.658522721415515
1017	1017	1.0687062597441388
1005	1015	5.0743658821810715
1004	1015	5.490209042946628
1015	1015	0.48193950690460535
1014	1014	1.9665796799555069
1003	1015	5.906052203712184
1002	1015	6.32189536447774
1013	1015	1.747620596056622
1012	1015	2.1634637568221784
1001	1015	6.9329145972296375
1009	1015	3.410993239118847
=========================

Tempo:530018.0346666666
Destinazione	 NEXTHOP	 Costo
1011	1015	2.5793069175877346
1010	1015	2.9951500783532907
1008	1015	3.826836399884403
1007	1015	4.242679560649959
1018	1018	3.04802871156001
1006	1015	4.658522721415515
1017	1017	1.0687062597441388
1005	1015	5.0743658821810715
1004	1015	5.490209042946628
1015	1015	0.48166148909815976
1014	1015	0.9963732664319187
1003	1015	5.906052203712184
1002	1015	6.32189536447774
1013	1015	1.747620596056622
1012	1015	2.1634637568221784
1001	1015	6.9329145972296375
1009	1015	3.410993239118847
=========================

Tempo:530018.0346666666
Destinazione	 NEXTHOP	 Costo
1011	1015	2.5793069175877346
1010	1015	2.9951500783532907
1008	1015	3.826836399884403
1007	1015	4.242679560649959
1018	1017	1.6811579328950204
1006	1015	4.658522721415515
1017	1017	1.1381900346207632
1005	1015	5.0743658821810715
1004	1015	5.490209042946628
1015	1015	0.48166148909815976
1014	1015	0.9963732664319187
1003	1015	5.906052203712184
1002	1015	6.32189536447774
1013	1015	1.747620596056622
1012	1015	2.1634637568221784
1001	1015	6.9329145972296375
1009	1015	3.410993239118847
=========================

Tempo:530018.0346666666
Destinazione	 NEXTHOP	 Costo
1011	1015	2.5793069175877346
1010	1015	2.9951500783532907
1008	1015	3.826836399884403
1007	1015	4.242679560649959
1018	1018	3.0464607675826225
1006	1015	4.658522721415515
1017	1017	1.1381900346207632
1005	1015	5.0743658821810715
1004	1015	5.490209042946628
1015	1015	0.48166148909815976
1014	1015	0.9963732664319187
1003	1015	5.906052203712184
1002	1015	6.32189536447774
1013	1015	1.747620596056622
1012	1015	2.1634637568221784
1001	1015	6.9329145972296375
1009	1015	3.410993239118847
=========================

Tempo:535018.0346666666
Destinazione	 NEXTHOP	 Costo
1011	1015	2.5793069175877346
1010	1015	2.9951500783532907
1008	1015	3.826836399884403
1007	1015	4.242679560649959
1018	1018	3.0464607675826225
1006	1015	4.658522721415515
1017	1017	1.1381900346207632
1005	1015	5.0743658821810715
1004	1015	5.490209042946628
1015	1015	0.48166148909815976
1014	1014	1.9921414098448964
1003	1015	5.906052203712184
1002	1015	6.32189536447774
1013	1015	1.747620596056622
1012	1015	2.1634637568221784
1001	1015	6.9329145972296375
1009	1015	3.410993239118847
=========================

Tempo:535018.0346666666
Destinazione	 NEXTHOP	 Costo
1011	1015	2.5793069175877346
1010	1015	2.9951500783532907
1008	1015	3.826836399884403
1007	1015	4.242679560649959
1018	1018	3.0464607675826225
1006	1015	4.658522721415515
1017	1017	1.1381900346207632
1005	1015	5.0743658821810715
1004	1015	5.490209042946628
1015	1015	0.4998775337718128
1014	1015	1.0090368323976335
1003	1015	5.906052203712184
1002	1015	6.32189536447774
1013	1015	1.747620596056622
1012	1015	2.1634637568221784
1001	1015	6.9329145972296375
1009	1015	3.410993239118847
=========================

Tempo:535018.0346666666
Destinazione	 NEXTHOP	 Costo
1011	1015	2.5793069175877346
1010	1015	2.9951500783532907
1008	1015	3.826836399884403
1007	1015	4.242679560649959
1018	1017	1.6206235682708827
1006	1015	4.658522721415515
1017	1017	1.1314418728668543
1005	1015	5.0743658821810715
1004	1015	5.490209042946628
1015	1015	0.4998775337718128
1014	1015	1.0090368323976335
1003	1015	5.906052203712184
1002	1015	6.32189536447774
1013	1015	1.747620596056622
1012	1015	2.1634637568221784
1001	1015	6.9329145972296375
1009	1015	3.410993239118847
=========================

Tempo:535018.0346666666
Destinazione	 NEXTHOP	 Costo
1011	1015	2.5793069175877346
1010	1015	2.9951500783532907
1008	1015	3.826836399884403
1007	1015	4.242679560649959
1018	1018	3.0480771246436587
1006	1015	4.658522721415515
1017	1017	1.1314418728668543
1005	1015	5.0743658821810715
1004	1015	5.490209042946628
1015	1015	0.4998775337718128
1014	1015	1.0090368323976335
1003	1015	5.906052203712184
1002	1015	6.32189536447774
1013	1015	1.747620596056622
1012	1015	2.1634637568221784
1001	1015	6.9329145972296375
1009	1015	3.410993239118847
=========================

Tempo:540018.0346666666
Destinazione	 NEXTHOP	 Costo
1011	1015	2.5793069175877346
1010	1015	2.9951500783532907
1008	1015	3.826836399884403
1007	1015	4.242679560649959
1018	1018	3.0480771246436587
1006	1015	4.658522721415515
1017	1017	1.1314418728668543
1005	1015	5.0743658821810715
1004	1015	5.490209042946628
1015	1015	0.4998775337718128
1014	1014	2.2670426868012603
1003	1015	5.906052203712184
1002	1015	6.32189536447774
1013	1015	1.747620596056622
1012	1015	2.1634637568221784
1001	1015	6.9329145972296375
1009	1015	3.410993239118847
=========================

Tempo:540018.0346666666
Destinazione	 NEXTHOP	 Costo
1011	1015	2.5793069175877346
1010	1015	2.9951500783532907
1008	1015	3.826836399884403
1007	1015	4.242679560649959
1018	1018	3.0480771246436587
1006	1015	4.658522721415515
1017	1017	1.1314418728668543
1005	1015	5.0743658821810715
1004	1015	5.490209042946628
1015	1015	0.6562337378278017
1014	1015	1.172519958626157
1003	1015	5.906052203712184
1002	1015	6.32189536447774
1013	1015	1.747620596056622
1012	1015	2.1634637568221784
1001	1015	6.9329145972296375
1009	1015	3.410993239118847
=========================

Tempo:540018.0346666666
Destinazione	 NEXTHOP	 Costo
1011	1015	2.5793069175877346
1010	1015	2.9951500783532907
1008	1015	3.826836399884403
1007	1015	4.242679560649959
1018	1017	1.4103276039461417
1006	1015	4.658522721415515
1017	1017	0.9212870299555167
1005	1015	5.0743658821810715
1004	1015	5.490209042946628
1015	1015	0.6562337378278017
1014	1015	1.172519958626157
1003	1015	5.906052203712184
1002	1015	6.32189536447774
1013	1015	1.747620596056622
1012	1015	2.1634637568221784
1001	1015	6.9329145972296375
1009	1015	3.410993239118847
=========================

Tempo:540018.0346666666
Destinazione	 NEXTHOP	 Costo
1011	1015	2.5793069175877346
1010	1015	2.9951500783532907
1008	1015	3.826836399884403
1007	1015	4.242679560649959
1018	1018	2.7118834749451257
1006	1015	4.658522721415515
1017	1017	0.9212870299555167
1005	1015	5.0743658821810715
1004	1015	5.490209042946628
1015	1015	0.6562337378278017
1014	1015	1.172519958626157
1003	1015	5.906052203712184
1002	1015	6.32189536447774
1013	1015	1.747620596056622
1012	1015	2.1634637568221784
1001	1015	6.9329145972296375
1009	1015	3.410993239118847
=========================

Tempo:545018.0346666666
Destinazione	 NEXTHOP	 Costo
1011	1015	2.5793069175877346
1010	1015	2.9951500783532907
1008	1015	3.826836399884403
1007	1015	4.242679560649959
1018	1018	2.7118834749451257
1006	1015	4.658522721415515
1017	1017	0.9212870299555167
1005	1015	5.0743658821810715
1004	1015	5.490209042946628
1015	1015	0.6562337378278017
1014	1014	2.773775393192772
1003	1015	5.906052203712184
1002	1015	6.32189536447774
1013	1015	1.747620596056622
1012	1015	2.1634637568221784
1001	1015	6.9329145972296375
1009	1015	3.410993239118847
=========================

Tempo:545018.0346666666
Destinazione	 NEXTHOP	 Costo
1011	1015	2.5793069175877346
1010	1015	2.9951500783532907
1008	1015	3.826836399884403
1007	1015	4.242679560649959
1018	1018	2.7118834749451257
1006	1015	4.658522721415515
1017	1017	0.9212870299555167
1005	1015	5.0743658821810715
1004	1015	5.490209042946628
1015	1015	0.9536621171651503
1014	1015	1.4827814052726382
1003	1015	5.906052203712184
1002	1015	6.32189536447774
1013	1015	1.747620596056622
1012	1015	2.1634637568221784
1001	1015	6.9329145972296375
1009	1015	3.410993239118847
=========================

Tempo:545018.0346666666
Destinazione	 NEXTHOP	 Costo
1011	1015	2.5793069175877346
1010	1015	2.9951500783532907
1008	1015	3.826836399884403
1019	1017	3.6512763480265438
1007	1015	4.242679560649959
1018	1017	1.1056897148879214
1006	1015	4.658522721415515
1017	1017	0.6077100537717277
1005	1015	5.0743658821810715
1004	1015	5.490209042946628
1015	1015	0.9536621171651503
1014	1015	1.4827814052726382
1003	1015	5.906052203712184
1002	1015	6.32189536447774
1013	1015	1.747620596056622
1012	1015	2.1634637568221784
1001	1015	6.9329145972296375
1009	1015	3.410993239118847
=========================

Tempo:545018.0346666666
Destinazione	 NEXTHOP	 Costo
1011	1015	2.5793069175877346
1010	1015	2.9951500783532907
1008	1015	3.826836399884403
1019	1018	3.2301972390457703
1007	1015	4.242679560649959
1018	1018	2.1733069521018313
1006	1015	4.658522721415515
1017	1017	0.6077100537717277
1005	1015	5.0743658821810715
1004	1015	5.490209042946628
1015	1015	0.9536621171651503
1014	1015	1.4827814052726382
1003	1015	5.906052203712184
1002	1015	6.32189536447774
1013	1015	1.747620596056622
1012	1015	2.1634637568221784
1001	1015	6.9329145972296375
1009	1015	3.410993239118847
=========================

Tempo:550018.0346666666
Destinazione	 NEXTHOP	 Costo
1011	1015	2.5793069175877346
1010	1015	2.9951500783532907
1008	1015	3.826836399884403
1019	1018	3.2301972390457703
1007	1015	4.242679560649959
1018	1018	2.1733069521018313
1006	1015	4.658522721415515
1017	1017	0.6077100537717277
1005	1015	5.0743658821810715
1004	1015	5.490209042946628
1015	1015	0.9536621171651503
1014	1014	2.9745935652864994
1003	1015	5.906052203712184
1002	1015	6.32189536447774
1013	1015	1.747620596056622
1012	1015	2.1634637568221784
1001	1015	6.9329145972296375
1009	1015	3.410993239118847
=========================

Tempo:550018.0346666666
Destinazione	 NEXTHOP	 Costo
1011	1015	2.5793069175877346
1010	1015	2.9951500783532907
1008	1015	3.826836399884403
1019	1018	3.2301972390457703
1007	1015	4.242679560649959
1018	1018	2.1733069521018313
1006	1015	4.658522721415515
1017	1017	0.6077100537717277
1005	1015	5.0743658821810715
1004	1015	5.490209042946628
1015	1015	0.9881670717722566
1014	1015	1.6036569621605756
1003	1015	5.906052203712184
1002	1015	6.32189536447774
1013	1015	1.747620596056622
1012	1015	2.1634637568221784
1001	1015	6.9329145972296375
1009	1015	3.410993239118847
=========================

Tempo:550018.0346666666
Destinazione	 NEXTHOP	 Costo
1011	1015	2.5793069175877346
1010	1015	2.9951500783532907
1008	1015	3.826836399884403
1019	1018	3.2301972390457703
1007	1015	4.242679560649959
1018	1017	0.9929069900869711
1006	1015	4.658522721415515
1017	1017	0.4822721502362742
1005	1015	5.0743658821810715
1004	1015	5.490209042946628
1015	1015	0.9881670717722566
1014	1015	1.6036569621605756
1003	1015	5.906052203712184
1002	1015	6.32189536447774
1013	1015	1.747620596056622
1012	1015	2.1634637568221784
1001	1015	6.9329145972296375
1009	1015	3.410993239118847
=========================

Tempo:550018.0346666666
Destinazione	 NEXTHOP	 Costo
1011	1015	2.5793069175877346
1010	1015	2.9951500783532907
1008	1015	3.826836399884403
1019	1018	3.2301972390457703
1007	1015	4.242679560649959
1018	1018	2.332043597975167
1006	1015	4.658522721415515
1017	1017	0.4822721502362742
1005	1015	5.0743658821810715
1004	1015	5.490209042946628
1015	1015	0.9881670717722566
1014	1015	1.6036569621605756
1003	1015	5.906052203712184
1002	1015	6.32189536447774
1013	1015	1.747620596056622
1012	1015	2.1634637568221784
1001	1015	6.9329145972296375
1009	1015	3.410993239118847
=========================

Tempo:555018.0346666666
Destinazione	 NEXTHOP	 Costo
1011	1015	2.5793069175877346
1010	1015	2.9951500783532907
1008	1015	3.826836399884403
1019	1018	3.2301972390457703
1007	1015	4.242679560649959
1018	1018	2.332043597975167
1006	1015	4.658522721415515
1017	1017	0.4822721502362742
1005	1015	5.0743658821810715
1004	1015	5.490209042946628
1015	1015	0.9881670717722566
1014	1014	2.9682296003971516
1003	1015	5.906052203712184
1002	1015	6.32189536447774
1013	1015	1.747620596056622
1012	1015	2.1634637568221784
1001	1015	6.9329145972296375
1009	1015	3.410993239118847
=========================

Tempo:555018.0346666666
Destinazione	 NEXTHOP	 Costo
1011	1015	2.5793069175877346
1010	1015	2.9951500783532907
1008	1015	3.826836399884403
1019	1018	3.2301972390457703
1007	1015	4.242679560649959
1018	1018	2.332043597975167
1006	1015	4.658522721415515
1017	1017	0.4822721502362742
1005	1015	5.0743658821810715
1004	1015	5.490209042946628
1015	1015	0.6766782664031795
1014	1015	1.597337186212224
1003	1015	5.906052203712184
1002	1015	6.32189536447774
1013	1015	1.747620596056622
1012	1015	2.1634637568221784
1001	1015	6.9329145972296375
1009	1015	3.410993239118847
=========================

Tempo:555018.0346666666
Destinazione	 NEXTHOP	 Costo
1011	1015	2.5793069175877346
1010	1015	2.9951500783532907
1008	1015	3.826836399884403
1019	1018	3.2301972390457703
1007	1015	4.242679560649959
1018	1017	1.2030465059999444
1006	1015	4.658522721415515
1017	1017	0.46705283459018176
1005	1015	5.0743658821810715
1004	1015	5.490209042946628
1015	1015	0.6766782664031795
1014	1015	1.597337186212224
1003	1015	5.906052203712184
1002	1015	6.32189536447774
1013	1015	1.747620596056622
1012	1015	2.1634637568221784
1001	1015	6.9329145972296375
1009	1015	3.410993239118847
=========================

Tempo:555018.0346666666
Destinazione	 NEXTHOP	 Costo
1011	1015	2.5793069175877346
1010	1015	2.9951500783532907
1008	1015	3.826836399884403
1019	1018	3.2301972390457703
1007	1015	4.242679560649959
1018	1018	2.8353562699951906
1006	1015	4.658522721415515
1017	1017	0.46705283459018176
1005	1015	5.0743658821810715
1004	1015	5.490209042946628
1015	1015	0.6766782664031795
1014	1015	1.597337186212224
1003	1015	5.906052203712184
1002	1015	6.32189536447774
1013	1015	1.747620596056622
1012	1015	2.1634637568221784
1001	1015	6.9329145972296375
1009	1015	3.410993239118847
=========================

Tempo:560018.0346666666
Destinazione	 NEXTHOP	 Costo
1011	1015	2.5793069175877346
1010	1015	2.9951500783532907
1008	1015	3.826836399884403
1019	1018	3.2301972390457703
1007	1015	4.242679560649959
1018	1018	2.8353562699951906
1006	1015	4.658522721415515
1017	1017	0.46705283459018176
1005	1015	5.0743658821810715
1004	1015	5.490209042946628
1015	1015	0.6766782664031795
1014	1014	2.9916659132923726
1003	1015	5.906052203712184
1002	1015	6.32189536447774
1013	1015	1.747620596056622
1012	1015	2.1634637568221784
1001	1015	6.9329145972296375
1009	1015	3.410993239118847
=========================

Tempo:560018.0346666666
Destinazione	 NEXTHOP	 Costo
1011	1015	2.5793069175877346
1010	1015	2.9951500783532907
1008	1015	3.826836399884403
1019	1018	3.2301972390457703
1007	1015	4.242679560649959
1018	1018	2.8353562699951906
1006	1015	4.658522721415515
1017	1017	0.46705283459018176
1005	1015	5.0743658821810715
1004	1015	5.490209042946628
1015	1015	0.514711777333759
1014	1015	1.648056697435646
1003	1015	5.906052203712184
1002	1015	6.32189536447774
1013	1015	1.747620596056622
1012	1015	2.1634637568221784
1001	1015	6.9329145972296375
1009	1015	3.410993239118847
=========================

Tempo:560018.0346666666
Destinazione	 NEXTHOP	 Costo
1011	1015	2.5793069175877346
1010	1015	2.9951500783532907
1008	1015	3.826836399884403
1019	1018	3.2301972390457703
1007	1015	4.242679560649959
1018	1017	1.5420173222865865
1006	1015	4.658522721415515
1017	1017	0.47331106254244765
1005	1015	5.0743658821810715
1004	1015	5.490209042946628
1015	1015	0.514711777333759
1014	1015	1.648056697435646
1003	1015	5.906052203712184
1002	1015	6.32189536447774
1013	1015	1.747620596056622
1012	1015	2.1634637568221784
1001	1015	6.9329145972296375
1009	1015	3.410993239118847
=========================

Tempo:560018.0346666666
Destinazione	 NEXTHOP	 Costo
1011	1015	2.5793069175877346
1010	1015	2.9951500783532907
1008	1015	3.826836399884403
1019	1018	3.2301972390457703
1007	1015	4.242679560649959
1018	1018	2.9285727878768393
1006	1015	4.658522721415515
1017	1017	0.47331106254244765
1005	1015	5.0743658821810715
1004	1015	5.490209042946628
1015	1015	0.514711777333759
1014	1015	1.648056697435646
1003	1015	5.906052203712184
1002	1015	6.32189536447774
1013	1015	1.747620596056622
1012	1015	2.1634637568221784
1001	1015	6.9329145972296375
1009	1015	3.410993239118847
=========================

Tempo:565018.0346666666
Destinazione	 NEXTHOP	 Costo
1011	1015	2.5793069175877346
1010	1015	2.9951500783532907
1008	1015	3.826836399884403
1019	1018	3.2301972390457703
1007	1015	4.242679560649959
1018	1018	2.9285727878768393
1006	1015	4.658522721415515
1017	1017	0.47331106254244765
1005	1015	5.0743658821810715
1004	1015	5.490209042946628
1015	1015	0.514711777333759
1014	1014	3.0417036062039258
1003	1015	5.906052203712184
1002	1015	6.32189536447774
1013	1015	1.747620596056622
1012	1015	2.1634637568221784
1001	1015	6.9329145972296375
1009	1015	3.410993239118847
=========================

Tempo:565018.0346666666
Destinazione	 NEXTHOP	 Costo
1011	1015	2.5793069175877346
1010	1015	2.9951500783532907
1008	1015	3.826836399884403
1019	1018	3.2301972390457703
1007	1015	4.242679560649959
1018	1018	2.9285727878768393
1006	1015	4.658522721415515
1017	1017	0.47331106254244765
1005	1015	5.0743658821810715
1004	1015	5.490209042946628
1015	1015	0.5091592986258208
1014	1015	1.6458203468838186
1003	1015	5.906052203712184
1002	1015	6.32189536447774
1013	1015	1.747620596056622
1012	1015	2.1634637568221784
1001	1015	6.9329145972296375
1009	1015	3.410993239118847
=========================

Tempo:565018.0346666666
Destinazione	 NEXTHOP	 Costo
1011	1015	2.5793069175877346
1010	1015	2.9951500783532907
1008	1015	3.826836399884403
1019	1018	3.2301972390457703
1007	1015	4.242679560649959
1018	1017	1.6365754039022993
1006	1015	4.658522721415515
1017	1017	0.49838536928153604
1005	1015	5.0743658821810715
1004	1015	5.490209042946628
1015	1015	0.5091592986258208
1014	1015	1.6458203468838186
1003	1015	5.906052203712184
1002	1015	6.32189536447774
1013	1015	1.747620596056622
1012	1015	2.1634637568221784
1001	1015	6.9329145972296375
1009	1015	3.410993239118847
=========================

Tempo:565018.0346666666
Destinazione	 NEXTHOP	 Costo
1011	1015	2.5793069175877346
1010	1015	2.9951500783532907
1008	1015	3.826836399884403
1019	1018	3.2301972390457703
1007	1015	4.242679560649959
1018	1018	2.9168327890168433
1006	1015	4.658522721415515
1017	1017	0.49838536928153604
1005	1015	5.0743658821810715
1004	1015	5.490209042946628
1015	1015	0.5091592986258208
1014	1015	1.6458203468838186
1003	1015	5.906052203712184
1002	1015	6.32189536447774
1013	1015	1.747620596056622
1012	1015	2.1634637568221784
1001	1015	6.9329145972296375
1009	1015	3.410993239118847
=========================

Tempo:570018.0346666666
Destinazione	 NEXTHOP	 Costo
1011	1015	2.5793069175877346
1010	1015	2.9951500783532907
1008	1015	3.826836399884403
1019	1018	3.2301972390457703
1007	1015	4.242679560649959
1018	1018	2.9168327890168433
1006	1015	4.658522721415515
1017	1017	0.49838536928153604
1005	1015	5.0743658821810715
1004	1015	5.490209042946628
1015	1015	0.5091592986258208
1014	1015	1.6458203468838186
1003	1015	5.906052203712184
1002	1015	6.32189536447774
1013	1015	1.747620596056622
1012	1015	2.1634637568221784
1001	1015	6.9329145972296375
1009	1015	3.410993239118847
=========================

Tempo:570018.0346666666
Destinazione	 NEXTHOP	 Costo
1011	1015	2.5793069175877346
1010	1015	2.9951500783532907
1008	1015	3.826836399884403
1019	1018	3.2301972390457703
1007	1015	4.242679560649959
1018	1018	2.9168327890168433
1006	1015	4.658522721415515
1017	1017	0.49838536928153604
1005	1015	5.0743658821810715
1004	1015	5.490209042946628
1015	1015	0.5162862207983554
1014	1015	1.6458203468838186
1003	1015	5.906052203712184
1002	1015	6.32189536447774
1013	1015	1.747620596056622
1012	1015	2.1634637568221784
1001	1015	6.9329145972296375
1009	1015	3.410993239118847
=========================

Tempo:570018.0346666666
Destinazione	 NEXTHOP	 Costo
1011	1015	2.5793069175877346
1010	1015	2.9951500783532907
1008	1015	3.826836399884403
1019	1018	3.2301972390457703
1007	1015	4.242679560649959
1018	1017	1.802525208898075
1006	1015	4.658522721415515
1017	1017	0.6710833360312208
1005	1015	5.0743658821810715
1004	1015	5.490209042946628
1015	1015	0.5162862207983554
1014	1015	1.6458203468838186
1003	1015	5.906052203712184
1002	1015	6.32189536447774
1013	1015	1.747620596056622
1012	1015	2.1634637568221784
1001	1015	6.9329145972296375
1009	1015	3.410993239118847
=========================

Tempo:570018.0346666666
Destinazione	 NEXTHOP	 Costo
1011	1015	2.5793069175877346
1010	1015	2.9951500783532907
1008	1015	3.826836399884403
1019	1018	3.2301972390457703
1007	1015	4.242679560649959
1018	1018	2.9283137962668264
1006	1015	4.658522721415515
1017	1017	0.6710833360312208
1005	1015	5.0743658821810715
1004	1015	5.490209042946628
1015	1015	0.5162862207983554
1014	1015	1.6458203468838186
1003	1015	5.906052203712184
1002	1015	6.32189536447774
1013	1015	1.747620596056622
1012	1015	2.1634637568221784
1001	1015	6.9329145972296375
1009	1015	3.410993239118847
=========================

Tempo:575018.0346666666
Destinazione	 NEXTHOP	 Costo
1011	1015	2.5793069175877346
1010	1015	2.9951500783532907
1008	1015	3.826836399884403
1019	1018	3.2301972390457703
1007	1015	4.242679560649959
1018	1018	2.9283137962668264
1006	1015	4.658522721415515
1017	1017	0.6710833360312208
1005	1015	5.0743658821810715
1004	1015	5.490209042946628
1015	1015	0.5162862207983554
1014	1015	1.6458203468838186
1003	1015	5.906052203712184
1002	1015	6.32189536447774
1013	1015	1.747620596056622
1012	1015	2.1634637568221784
1001	1015	6.9329145972296375
1009	1015	3.410993239118847
=========================

Tempo:575018.0346666666
Destinazione	 NEXTHOP	 Costo
1011	1015	2.5793069175877346
1010	1015	2.9951500783532907
1008	1015	3.826836399884403
1019	1018	3.2301972390457703
1007	1015	4.242679560649959
1018	1018	2.9283137962668264
1006	1015	4.658522721415515
1017	1017	0.6710833360312208
1005	1015	5.0743658821810715
1004	1015	5.490209042946628
1015	1015	0.5291192881074879
1014	1015	1.6458203468838186
1003	1015	5.906052203712184
1002	1015	6.32189536447774
1013	1015	1.747620596056622
1012	1015	2.1634637568221784
1001	1015	6.9329145972296375
1009	1015	3.410993239118847
=========================

Tempo:575018.0346666666
Destinazione	 NEXTHOP	 Costo
1011	1015	2.5793069175877346
1010	1015	2.9951500783532907
1008	1015	3.826836399884403
1019	1018	3.2301972390457703
1007	1015	4.242679560649959
1018	1017	1.9187301900492932
1006	1015	4.658522721415515
1017	1017	0.9974431600937766
1005	1015	5.0743658821810715
1004	1015	5.490209042946628
1015	1015	0.5291192881074879
1014	1015	1.6458203468838186
1003	1015	5.906052203712184
1002	1015	6.32189536447774
1013	1015	1.747620596056622
1012	1015	2.1634637568221784
1001	1015	6.9329145972296375
1009	1015	3.410993239118847
=========================

Tempo:575018.0346666666
Destinazione	 NEXTHOP	 Costo
1011	1015	2.5793069175877346
1010	1015	2.9951500783532907
1020	1018	5.982669683212336
1008	1015	3.826836399884403
1019	1018	3.2301972390457703
1007	1015	4.242679560649959
1018	1018	2.93910338895752
1006	1015	4.658522721415515
1017	1017	0.9974431600937766
1005	1015	5.0743658821810715
1004	1015	5.490209042946628
1015	1015	0.5291192881074879
1014	1015	1.6458203468838186
1003	1015	5.906052203712184
1002	1015	6.32189536447774
1013	1015	1.747620596056622
1012	1015	2.1634637568221784
1001	1015	6.9329145972296375
1009	1015	3.410993239118847
=========================

Tempo:580018.0346666666
Destinazione	 NEXTHOP	 Costo
1011	1015	2.5793069175877346
1010	1015	2.9951500783532907
1020	1018	5.982669683212336
1008	1015	3.826836399884403
1019	1018	3.2301972390457703
1007	1015	4.242679560649959
1018	1018	2.93910338895752
1006	1015	4.658522721415515
1017	1017	0.9974431600937766
1005	1015	5.0743658821810715
1004	1015	5.490209042946628
1015	1015	0.5291192881074879
1014	1015	1.6458203468838186
1003	1015	5.906052203712184
1002	1015	6.32189536447774
1013	1015	1.747620596056622
1012	1015	2.1634637568221784
1001	1015	6.9329145972296375
1009	1015	3.410993239118847
=========================

Tempo:580018.0346666666
Destinazione	 NEXTHOP	 Costo
1011	1015	2.5793069175877346
1010	1015	2.9951500783532907
1020	1018	5.982669683212336
1008	1015	3.826836399884403
1019	1018	3.2301972390457703
1007	1015	4.242679560649959
1018	1018	2.93910338895752
1006	1015	4.658522721415515
1017	1017	0.9974431600937766
1005	1015	5.0743658821810715
1004	1015	5.490209042946628
1015	1015	0.6154898903883189
1014	1015	1.6458203468838186
1003	1015	5.906052203712184
1002	1015	6.32189536447774
1013	1015	1.747620596056622
1012	1015	2.1634637568221784
1001	1015	6.9329145972296375
1009	1015	3.410993239118847
=========================

Tempo:580018.0346666666
Destinazione	 NEXTHOP	 Costo
1011	1015	2.5793069175877346
1010	1015	2.9951500783532907
1020	1017	4.271546119593973
1008	1015	3.826836399884403
1019	1017	3.2146558326500334
1007	1015	4.242679560649959
1018	1017	1.6490589343199298
1006	1015	4.658522721415515
1017	1017	1.041348880548202
1005	1015	5.0743658821810715
1004	1015	5.490209042946628
1015	1015	0.6154898903883189
1014	1015	1.6458203468838186
1003	1015	5.906052203712184
1002	1015	6.32189536447774
1013	1015	1.747620596056622
1012	1015	2.1634637568221784
1001	1015	6.9329145972296375
1009	1015	3.410993239118847
=========================

Tempo:580018.0346666666
Destinazione	 NEXTHOP	 Costo
1011	1015	2.5793069175877346
1010	1015	2.9951500783532907
1020	1017	4.271546119593973
1008	1015	3.826836399884403
1019	1017	3.2146558326500334
1007	1015	4.242679560649959
1018	1018	2.796234116516257
1006	1015	4.658522721415515
1017	1017	1.041348880548202
1005	1015	5.0743658821810715
1004	1015	5.490209042946628
1015	1015	0.6154898903883189
1014	1015	1.6458203468838186
1003	1015	5.906052203712184
1002	1015	6.32189536447774
1013	1015	1.747620596056622
1012	1015	2.1634637568221784
1001	1015	6.9329145972296375
1009	1015	3.410993239118847
=========================

Tempo:585018.0346666666
Destinazione	 NEXTHOP	 Costo
1011	1015	2.5793069175877346
1010	1015	2.9951500783532907
1020	1017	4.271546119593973
1008	1015	3.826836399884403
1019	1017	3.2146558326500334
1007	1015	4.242679560649959
1018	1018	2.796234116516257
1006	1015	4.658522721415515
1017	1017	1.041348880548202
1005	1015	5.0743658821810715
1004	1015	5.490209042946628
1015	1015	0.9206589198090446
1014	1015	1.6458203468838186
1003	1015	5.906052203712184
1002	1015	6.32189536447774
1013	1015	1.747620596056622
1012	1015	2.1634637568221784
1001	1015	6.9329145972296375
1009	1015	3.410993239118847
=========================

Tempo:585018.0346666666
Destinazione	 NEXTHOP	 Costo
1011	1015	2.5793069175877346
1010	1015	2.9951500783532907
1020	1017	3.9382615068949716
1008	1015	3.826836399884403
1019	1017	3.040107865824368
1007	1015	4.242679560649959
1018	1017	1.1903364180854756
1006	1015	4.658522721415515
1017	1017	0.7080642678492014
1005	1015	5.0743658821810715
1004	1015	5.490209042946628
1015	1015	0.9206589198090446
1014	1015	1.6458203468838186
1003	1015	5.906052203712184
1002	1015	6.32189536447774
1013	1015	1.747620596056622
1012	1015	2.1634637568221784
1001	1015	6.9329145972296375
1009	1015	3.410993239118847
=========================

Tempo:585018.0346666666
Destinazione	 NEXTHOP	 Costo
1011	1015	2.5793069175877346
1010	1015	2.9951500783532907
1020	1017	3.9382615068949716
1008	1015	3.826836399884403
1019	1018	3.0084477984226603
1007	1015	4.242679560649959
1018	1018	2.2724541270128977
1006	1015	4.658522721415515
1017	1017	0.7080642678492014
1005	1015	5.0743658821810715
1004	1015	5.490209042946628
1015	1015	0.9206589198090446
1014	1015	1.6458203468838186
1003	1015	5.906052203712184
1002	1015	6.32189536447774
1013	1015	1.747620596056622
1012	1015	2.1634637568221784
1001	1015	6.9329145972296375
1009	1015	3.410993239118847
=========================

Tempo:590018.0346666666
Destinazione	 NEXTHOP	 Costo
1011	1015	2.5793069175877346
1010	1015	2.9951500783532907
1020	1017	3.9382615068949716
1008	1015	3.826836399884403
1019	1018	3.0084477984226603
1007	1015	4.242679560649959
1018	1018	2.2724541270128977
1006	1015	4.658522721415515
1017	1017	0.7080642678492014
1005	1015	5.0743658821810715
1004	1015	5.490209042946628
1015	1015	1.133344920101887
1014	1015	1.6458203468838186
1003	1015	5.906052203712184
1002	1015	6.32189536447774
1013	1015	1.747620596056622
1012	1015	2.1634637568221784
1001	1015	6.9329145972296375
1009	1015	3.410993239118847
=========================

Tempo:590018.0346666666
Destinazione	 NEXTHOP	 Costo
1011	1015	2.5793069175877346
1010	1015	2.9951500783532907
1020	1017	3.763736909887141
1008	1015	3.826836399884403
1019	1018	3.0084477984226603
1007	1015	4.242679560649959
1018	1017	1.0005925054315523
1006	1015	4.658522721415515
1017	1017	0.5335396708413706
1005	1015	5.0743658821810715
1004	1015	5.490209042946628
1015	1015	1.133344920101887
1014	1015	1.6458203468838186
1003	1015	5.906052203712184
1002	1015	6.32189536447774
1013	1015	1.747620596056622
1012	1015	2.1634637568221784
1001	1015	6.9329145972296375
1009	1015	3.410993239118847
=========================

Tempo:590018.0346666666
Destinazione	 NEXTHOP	 Costo
1011	1015	2.5793069175877346
1010	1015	2.9951500783532907
1020	1017	3.763736909887141
1008	1015	3.826836399884403
1019	1018	3.0084477984226603
1007	1015	4.242679560649959
1018	1018	2.007480114332622
1006	1015	4.658522721415515
1017	1017	0.5335396708413706
1005	1015	5.0743658821810715
1004	1015	5.490209042946628
1015	1015	1.133344920101887
1014	1015	1.6458203468838186
1003	1015	5.906052203712184
1002	1015	6.32189536447774
1013	1015	1.747620596056622
1012	1015	2.1634637568221784
1001	1015	6.9329145972296375
1009	1015	3.410993239118847
=========================

Tempo:595018.0346666666
Destinazione	 NEXTHOP	 Costo
1011	1015	2.5793069175877346
1010	1015	2.9951500783532907
1020	1017	3.763736909887141
1008	1015	3.826836399884403
1019	1018	3.0084477984226603
1007	1015	4.242679560649959
1018	1018	2.007480114332622
1006	1015	4.658522721415515
1017	1017	0.5335396708413706
1005	1015	5.0743658821810715
1004	1015	5.490209042946628
1015	1015	1.1366610482579977
1014	1015	1.6458203468838186
1003	1015	5.906052203712184
1002	1015	6.32189536447774
1013	1015	1.747620596056622
1012	1015	2.1634637568221784
1001	1015	6.9329145972296375
1009	1015	3.410993239118847
=========================

Tempo:595018.0346666666
Destinazione	 NEXTHOP	 Costo
1011	1015	2.5793069175877346
1010	1015	2.9951500783532907
1020	1017	3.7540287707548945
1008	1015	3.826836399884403
1019	1018	3.0084477984226603
1007	1015	4.242679560649959
1018	1017	0.9971425942515721
1006	1015	4.658522721415515
1017	1017	0.5238315317091244
1005	1015	5.0743658821810715
1004	1015	5.490209042946628
1015	1015	1.1366610482579977
1014	1015	1.6458203468838186
1003	1015	5.906052203712184
1002	1015	6.32189536447774
1013	1015	1.747620596056622
1012	1015	2.1634637568221784
1001	1015	6.9329145972296375
1009	1015	3.410993239118847
=========================

Tempo:595018.0346666666
Destinazione	 NEXTHOP	 Costo
1011	1015	2.5793069175877346
1010	1015	2.9951500783532907
1020	1017	3.7540287707548945
1008	1015	3.826836399884403
1019	1018	3.0084477984226603
1007	1015	4.242679560649959
1018	1018	2.0457087165655086
1006	1015	4.658522721415515
1017	1017	0.5238315317091244
1005	1015	5.0743658821810715
1004	1015	5.490209042946628
1015	1015	1.1366610482579977
1014	1015	1.6458203468838186
1003	1015	5.906052203712184
1002	1015	6.32189536447774
1013	1015	1.747620596056622
1012	1015	2.1634637568221784
1001	1015	6.9329145972296375
1009	1015	3.410993239118847
=========================

Tempo:450018.03466666664
Destinazione	 NEXTHOP	 Costo
=========================

Tempo:450018.03466666664
Destinazione	 NEXTHOP	 Costo
1011	1015	3.9462215954840687
1010	1015	4.646736816024262
1008	1015	5.96627440563866
1007	1015	6.534066266845188
1006	1015	7.101858128051716
1005	1015	7.669649989258244
1015	1015	1.0
1004	1015	8.237441850464773
1014	1015	1.7005152205401934
1003	1015	8.805233711671299
1013	1015	2.4251244915412506
1002	1015	9.373025572877829
1012	1015	3.2457063749438753
1001	1015	10.03023207797322
1009	1015	5.347252036564456
=========================

Tempo:455018.03466666664
Destinazione	 NEXTHOP	 Costo
1011	1015	3.9462215954840687
1010	1015	4.646736816024262
1008	1015	5.96627440563866
1007	1015	6.534066266845188
1006	1015	7.101858128051716
1005	1015	7.669649989258244
1015	1015	1.0
1004	1015	8.237441850464773
1014	1015	1.7005152205401934
1003	1015	8.805233711671299
1013	1015	2.4251244915412506
1002	1015	9.373025572877829
1012	1015	3.2457063749438753
1001	1015	10.03023207797322
1009	1015	5.347252036564456
=========================

Tempo:455018.03466666664
Destinazione	 NEXTHOP	 Costo
1011	1015	3.8570148287022663
1010	1015	4.55753004924246
1008	1015	5.8770676388568575
1007	1015	6.4448595000633855
1006	1015	7.0126513612699135
1005	1015	7.5804432224764415
1015	1015	0.9107932332181975
1004	1015	8.14823508368297
1014	1015	1.7005152205401934
1003	1015	8.716026944889498
1013	1015	2.4251244915412506
1002	1015	9.283818806096026
1012	1015	3.156499608162073
1001	1015	9.941025311191417
1009	1015	5.258045269782653
=========================

Tempo:460018.03466666664
Destinazione	 NEXTHOP	 Costo
1011	1015	3.8570148287022663
1010	1015	4.55753004924246
1008	1015	5.8770676388568575
1007	1015	6.4448595000633855
1006	1015	7.0126513612699135
1005	1015	7.5804432224764415
1015	1015	0.9107932332181975
1004	1015	8.14823508368297
1014	1015	1.7005152205401934
1003	1015	8.716026944889498
1013	1015	2.4251244915412506
1002	1015	9.283818806096026
1012	1015	3.156499608162073
1001	1015	9.941025311191417
1009	1015	5.258045269782653
=========================

Tempo:460018.03466666664
Destinazione	 NEXTHOP	 Costo
1011	1015	3.6839838066491915
1010	1015	4.384499027189385
1008	1015	5.704036616803783
1007	1015	6.271828478010311
1006	1015	6.839620339216839
1005	1015	7.407412200423367
1015	1015	0.737762211165123
1004	1015	7.975204061629895
1014	1015	1.7005152205401934
1003	1015	8.542995922836424
1013	1015	2.2829533655688046
1002	1015	9.110787784042952
1012	1015	2.983468586108998
1001	1015	9.767994289138343
1009	1015	5.085014247729578
=========================

Tempo:465018.03466666664
Destinazione	 NEXTHOP	 Costo
1011	1015	3.6839838066491915
1010	1015	4.384499027189385
1008	1015	5.704036616803783
1007	1015	6.271828478010311
1006	1015	6.839620339216839
1005	1015	7.407412200423367
1015	1015	0.737762211165123
1004	1015	7.975204061629895
1014	1015	1.7005152205401934
1003	1015	8.542995922836424
1013	1015	2.2829533655688046
1002	1015	9.110787784042952
1012	1015	2.983468586108998
1001	1015	9.767994289138343
1009	1015	5.085014247729578
=========================

Tempo:465018.03466666664
Destinazione	 NEXTHOP	 Costo
1011	1015	3.6475538699801766
1010	1015	4.3480690905203705
1008	1015	5.667606680134767
1007	1015	6.235398541341295
1006	1015	6.803190402547823
1005	1015	7.370982263754351
1015	1015	0.7013322744961079
1004	1015	7.938774124960879
1014	1015	1.7005152205401934
1003	1015	8.506565986167407
1013	1015	2.2465234288997897
1002	1015	9.074357847373937
1012	1015	2.947038649439983
1001	1015	9.731564352469329
1009	1015	5.048584311060564
=========================

Tempo:470018.03466666664
Destinazione	 NEXTHOP	 Costo
1011	1015	3.6475538699801766
1010	1015	4.3480690905203705
1008	1015	5.667606680134767
1007	1015	6.235398541341295
1006	1015	6.803190402547823
1005	1015	7.370982263754351
1015	1015	0.7013322744961079
1004	1015	7.938774124960879
1014	1015	1.7005152205401934
1003	1015	8.506565986167407
1013	1015	2.2465234288997897
1002	1015	9.074357847373937
1012	1015	2.947038649439983
1001	1015	9.731564352469329
1009	1015	5.048584311060564
=========================

Tempo:470018.03466666664
Destinazione	 NEXTHOP	 Costo
1011	1015	3.6475538699801766
1010	1015	4.3480690905203705
1008	1015	5.667606680134767
1007	1015	6.235398541341295
1006	1015	6.803190402547823
1005	1015	7.370982263754351
1015	1015	0.7535863315671446
1004	1015	7.938774124960879
1014	1015	1.7005152205401934
1003	1015	8.506565986167407
1013	1015	2.2465234288997897
1002	1015	9.074357847373937
1012	1015	2.947038649439983
1001	1015	9.731564352469329
1009	1015	5.048584311060564
=========================

Tempo:475018.03466666664
Destinazione	 NEXTHOP	 Costo
1011	1015	3.6475538699801766
1010	1015	4.3480690905203705
1008	1015	5.667606680134767
1007	1015	6.235398541341295
1006	1015	6.803190402547823
1005	1015	7.370982263754351
1015	1015	0.7535863315671446
1004	1015	7.938774124960879
1014	1014	3.185914133326512
1003	1015	8.506565986167407
1013	1015	2.2465234288997897
1002	1015	9.074357847373937
1012	1015	2.947038649439983
1001	1015	9.731564352469329
1009	1015	5.048584311060564
=========================

Tempo:475018.03466666664
Destinazione	 NEXTHOP	 Costo
1011	1015	3.6475538699801766
1010	1015	4.3480690905203705
1008	1015	5.667606680134767
1007	1015	6.235398541341295
1006	1015	6.803190402547823
1005	1015	7.370982263754351
1015	1015	0.7115208648767516
1004	1015	7.938774124960879
1014	1015	1.645325441277612
1003	1015	8.506565986167407
1013	1015	2.2465234288997897
1002	1015	9.074357847373937
1012	1015	2.947038649439983
1001	1015	9.731564352469329
1009	1015	5.048584311060564
=========================

Tempo:480018.03466666664
Destinazione	 NEXTHOP	 Costo
1011	1015	3.6475538699801766
1010	1015	4.3480690905203705
1008	1015	5.667606680134767
1007	1015	6.235398541341295
1006	1015	6.803190402547823
1005	1015	7.370982263754351
1015	1015	0.7115208648767516
1004	1015	7.938774124960879
1014	1014	2.7068055797546355
1003	1015	8.506565986167407
1013	1015	2.2465234288997897
1002	1015	9.074357847373937
1012	1015	2.947038649439983
1001	1015	9.731564352469329
1009	1015	5.048584311060564
=========================

Tempo:480018.03466666664
Destinazione	 NEXTHOP	 Costo
1011	1015	3.646736816024262
1010	1015	4.347252036564456
1008	1015	5.534066266845188
1007	1015	6.101858128051716
1006	1015	6.669649989258244
1005	1015	7.237441850464772
1015	1015	0.7005152205401936
1004	1015	7.8052337116713
1014	1015	1.4251244915412506
1003	1015	8.373025572877829
1013	1015	2.2457063749438753
1002	1015	8.940817434084355
1012	1015	2.9462215954840687
1001	1015	9.598023939179749
1009	1015	4.96627440563866
=========================

Tempo:480018.03466666664
Destinazione	 NEXTHOP	 Costo
1011	1015	3.646736816024262
1010	1015	4.347252036564456
1008	1015	5.534066266845188
1007	1015	6.101858128051716
1006	1015	6.669649989258244
1017	1017	1.5075092834087498
1005	1015	7.237441850464772
1015	1015	0.7005152205401936
1004	1015	7.8052337116713
1014	1015	1.4251244915412506
1003	1015	8.373025572877829
1013	1015	2.2457063749438753
1002	1015	8.940817434084355
1012	1015	2.9462215954840687
1001	1015	9.598023939179749
1009	1015	4.96627440563866
=========================

Tempo:485018.03466666664
Destinazione	 NEXTHOP	 Costo
1011	1015	3.646736816024262
1010	1015	4.347252036564456
1008	1015	5.534066266845188
1007	1015	6.101858128051716
1006	1015	6.669649989258244
1017	1017	1.5075092834087498
1005	1015	7.237441850464772
1015	1015	0.7005152205401936
1004	1015	7.8052337116713
1014	1014	2.8912869177034404
1003	1015	8.373025572877829
1013	1015	2.2457063749438753
1002	1015	8.940817434084355
1012	1015	2.9462215954840687
1001	1015	9.598023939179749
1009	1015	4.96627440563866
=========================

Tempo:485018.03466666664
Destinazione	 NEXTHOP	 Costo
1011	1015	3.646736816024262
1010	1015	4.347252036564456
1008	1015	5.534066266845188
1007	1015	6.101858128051716
1006	1015	6.669649989258244
1017	1017	1.5075092834087498
1005	1015	7.237441850464772
1015	1015	0.8457045175695296
1004	1015	7.8052337116713
1014	1015	1.5451911544036818
1003	1015	8.373025572877829
1013	1015	2.2457063749438753
1002	1015	8.940817434084355
1012	1015	2.9462215954840687
1001	1015	9.598023939179749
1009	1015	4.96627440563866
=========================

Tempo:485018.03466666664
Destinazione	 NEXTHOP	 Costo
1011	1015	3.646736816024262
1010	1015	4.347252036564456
1008	1015	5.534066266845188
1007	1015	6.101858128051716
1006	1015	6.669649989258244
1017	1017	1.1681037329335258
1005	1015	7.237441850464772
1015	1015	0.8457045175695296
1004	1015	7.8052337116713
1014	1015	1.5451911544036818
1003	1015	8.373025572877829
1013	1015	2.2457063749438753
1002	1015	8.940817434084355
1012	1015	2.9462215954840687
1001	1015	9.598023939179749
1009	1015	4.96627440563866
=========================

Tempo:490018.03466666664
Destinazione	 NEXTHOP	 Costo
1011	1015	3.646736816024262
1010	1015	4.347252036564456
1008	1015	5.534066266845188
1007	1015	6.101858128051716
1006	1015	6.669649989258244
1017	1017	1.1681037329335258
1005	1015	7.237441850464772
1015	1015	0.8457045175695296
1004	1015	7.8052337116713
1014	1015	1.5451911544036818
1003	1015	8.373025572877829
1013	1015	2.2457063749438753
1002	1015	8.940817434084355
1012	1015	2.9462215954840687
1001	1015	9.598023939179749
1009	1015	4.96627440563866
=========================

Tempo:490018.03466666664
Destinazione	 NEXTHOP	 Costo
1011	1015	3.646736816024262
1010	1015	4.347252036564456
1008	1015	5.534066266845188
1007	1015	6.101858128051716
1006	1015	6.669649989258244
1017	1017	1.1681037329335258
1005	1015	7.237441850464772
1015	1015	1.2214793198761325
1004	1015	7.8052337116713
1014	1015	1.5451911544036818
1003	1015	8.373025572877829
1013	1015	2.2457063749438753
1002	1015	8.940817434084355
1012	1015	2.9462215954840687
1001	1015	9.598023939179749
1009	1015	4.96627440563866
=========================

Tempo:490018.03466666664
Destinazione	 NEXTHOP	 Costo
1011	1015	3.646736816024262
1010	1015	4.347252036564456
1008	1015	5.534066266845188
1007	1015	6.101858128051716
1006	1015	6.669649989258244
1017	1017	0.782836858168018
1005	1015	7.237441850464772
1015	1015	1.2214793198761325
1004	1015	7.8052337116713
1014	1015	1.5451911544036818
1003	1015	8.373025572877829
1013	1015	2.2457063749438753
1002	1015	8.940817434084355
1012	1015	2.9462215954840687
1001	1015	9.598023939179749
1009	1015	4.96627440563866
=========================

Tempo:495018.03466666664
Destinazione	 NEXTHOP	 Costo
1011	1015	3.646736816024262
1010	1015	4.347252036564456
1008	1015	5.534066266845188
1007	1015	6.101858128051716
1006	1015	6.669649989258244
1017	1017	0.782836858168018
1005	1015	7.237441850464772
1015	1015	1.2214793198761325
1004	1015	7.8052337116713
1014	1015	1.5451911544036818
1003	1015	8.373025572877829
1013	1015	2.2457063749438753
1002	1015	8.940817434084355
1012	1015	2.9462215954840687
1001	1015	9.598023939179749
1009	1015	4.96627440563866
=========================

Tempo:495018.03466666664
Destinazione	 NEXTHOP	 Costo
1011	1015	3.646736816024262
1010	1015	4.347252036564456
1008	1015	5.534066266845188
1007	1015	6.101858128051716
1006	1015	6.669649989258244
1017	1017	0.782836858168018
1005	1015	7.237441850464772
1015	1015	1.40364471595733
1004	1015	7.8052337116713
1014	1015	1.5451911544036818
1003	1015	8.373025572877829
1013	1015	2.2457063749438753
1002	1015	8.940817434084355
1012	1015	2.9462215954840687
1001	1015	9.598023939179749
1009	1015	4.96627440563866
=========================

Tempo:495018.03466666664
Destinazione	 NEXTHOP	 Costo
1011	1015	3.646736816024262
1010	1015	4.347252036564456
1008	1015	5.534066266845188
1007	1015	6.101858128051716
1006	1015	6.669649989258244
1017	1017	0.6485001049170652
1005	1015	7.237441850464772
1015	1015	1.40364471595733
1004	1015	7.8052337116713
1014	1015	1.5451911544036818
1003	1015	8.373025572877829
1013	1015	2.2457063749438753
1002	1015	8.940817434084355
1012	1015	2.9462215954840687
1001	1015	9.598023939179749
1009	1015	4.96627440563866
=========================

Tempo:500018.03466666664
Destinazione	 NEXTHOP	 Costo
1011	1015	3.646736816024262
1010	1015	4.347252036564456
1008	1015	5.534066266845188
1007	1015	6.101858128051716
1006	1015	6.669649989258244
1017	1017	0.6485001049170652
1005	1015	7.237441850464772
1015	1015	1.40364471595733
1004	1015	7.8052337116713
1014	1015	1.5451911544036818
1003	1015	8.373025572877829
1013	1015	2.2457063749438753
1002	1015	8.940817434084355
1012	1015	2.9462215954840687
1001	1015	9.598023939179749
1009	1015	4.96627440563866
=========================

Tempo:500018.03466666664
Destinazione	 NEXTHOP	 Costo
1011	1015	3.646736816024262
1010	1015	4.347252036564456
1008	1015	5.534066266845188
1007	1015	6.101858128051716
1006	1015	6.669649989258244
1017	1017	0.6485001049170652
1005	1015	7.237441850464772
1015	1015	1.3213076460422637
1004	1015	7.8052337116713
1014	1015	1.5451911544036818
1003	1015	8.373025572877829
1013	1015	2.2457063749438753
1002	1015	8.940817434084355
1012	1015	2.9462215954840687
1001	1015	9.598023939179749
1009	1015	4.96627440563866
=========================

Tempo:500018.03466666664
Destinazione	 NEXTHOP	 Costo
1011	1015	3.646736816024262
1010	1015	4.347252036564456
1008	1015	5.534066266845188
1007	1015	6.101858128051716
1006	1015	6.669649989258244
1017	1017	0.6502613342695238
1005	1015	7.237441850464772
1015	1015	1.3213076460422637
1004	1015	7.8052337116713
1014	1015	1.5451911544036818
1003	1015	8.373025572877829
1013	1015	2.2457063749438753
1002	1015	8.940817434084355
1012	1015	2.9462215954840687
1001	1015	9.598023939179749
1009	1015	4.96627440563866
=========================

Tempo:505018.03466666664
Destinazione	 NEXTHOP	 Costo
1011	1015	3.646736816024262
1010	1015	4.347252036564456
1008	1015	5.534066266845188
1007	1015	6.101858128051716
1006	1015	6.669649989258244
1017	1017	0.6502613342695238
1005	1015	7.237441850464772
1015	1015	1.3213076460422637
1004	1015	7.8052337116713
1014	1015	1.5451911544036818
1003	1015	8.373025572877829
1013	1015	2.2457063749438753
1002	1015	8.940817434084355
1012	1015	2.9462215954840687
1001	1015	9.598023939179749
1009	1015	4.96627440563866
=========================

Tempo:505018.03466666664
Destinazione	 NEXTHOP	 Costo
1011	1015	3.646736816024262
1010	1015	4.347252036564456
1008	1015	5.534066266845188
1007	1015	6.101858128051716
1006	1015	6.669649989258244
1017	1017	0.6502613342695238
1005	1015	7.237441850464772
1015	1015	0.9338045764008605
1004	1015	7.8052337116713
1014	1015	1.5451911544036818
1003	1015	8.373025572877829
1013	1015	2.2457063749438753
1002	1015	8.940817434084355
1012	1015	2.9462215954840687
1001	1015	9.598023939179749
1009	1015	4.96627440563866
=========================

Tempo:505018.03466666664
Destinazione	 NEXTHOP	 Costo
1011	1015	3.646736816024262
1010	1015	4.347252036564456
1008	1015	5.534066266845188
1007	1015	6.101858128051716
1006	1015	6.669649989258244
1017	1017	0.6699726092587047
1005	1015	7.237441850464772
1015	1015	0.9338045764008605
1004	1015	7.8052337116713
1014	1015	1.5451911544036818
1003	1015	8.373025572877829
1013	1015	2.2457063749438753
1002	1015	8.940817434084355
1012	1015	2.9462215954840687
1001	1015	9.598023939179749
1009	1015	4.96627440563866
=========================

Tempo:510018.03466666664
Destinazione	 NEXTHOP	 Costo
1011	1015	3.646736816024262
1010	1015	4.347252036564456
1008	1015	5.534066266845188
1007	1015	6.101858128051716
1006	1015	6.669649989258244
1017	1017	0.6699726092587047
1005	1015	7.237441850464772
1015	1015	0.9338045764008605
1004	1015	7.8052337116713
1014	1015	1.5451911544036818
1003	1015	8.373025572877829
1013	1015	2.2457063749438753
1002	1015	8.940817434084355
1012	1015	2.9462215954840687
1001	1015	9.598023939179749
1009	1015	4.96627440563866
=========================

Tempo:510018.03466666664
Destinazione	 NEXTHOP	 Costo
1011	1015	3.646736816024262
1010	1015	4.265759185098466
1008	1015	5.4013429075115225
1007	1015	5.9691347687180505
1006	1015	6.5369266299245785
1017	1017	0.6699726092587047
1005	1015	7.1047184911311065
1015	1015	0.7246092710010571
1004	1015	7.672510352337635
1014	1015	1.5451911544036818
1003	1015	8.240302213544162
1013	1015	2.2457063749438753
1002	1015	8.80809407475069
1012	1015	2.9462215954840687
1001	1015	9.465300579846083
1009	1015	4.833551046304994
=========================

Tempo:510018.03466666664
Destinazione	 NEXTHOP	 Costo
1011	1015	3.646736816024262
1010	1015	4.265759185098466
1008	1015	5.4013429075115225
1007	1015	5.9691347687180505
1006	1015	6.5369266299245785
1017	1017	0.7064883340457963
1005	1015	7.1047184911311065
1015	1015	0.7246092710010571
1004	1015	7.672510352337635
1014	1015	1.5451911544036818
1003	1015	8.240302213544162
1013	1015	2.2457063749438753
1002	1015	8.80809407475069
1012	1015	2.9462215954840687
1001	1015	9.465300579846083
1009	1015	4.833551046304994
=========================

Tempo:510018.03466666664
Destinazione	 NEXTHOP	 Costo
1011	1015	3.646736816024262
1010	1015	4.265759185098466
1008	1015	5.4013429075115225
1007	1015	5.9691347687180505
1006	1015	6.5369266299245785
1017	1017	0.7064883340457963
1005	1015	7.1047184911311065
1015	1015	0.7246092710010571
1004	1015	7.672510352337635
1014	1015	1.5451911544036818
1003	1015	8.240302213544162
1013	1015	2.2457063749438753
1002	1015	8.80809407475069
1012	1015	2.9462215954840687
1001	1015	9.465300579846083
1009	1015	4.833551046304994
=========================

Tempo:515018.03466666664
Destinazione	 NEXTHOP	 Costo
1011	1015	3.646736816024262
1010	1015	4.265759185098466
1008	1015	5.4013429075115225
1007	1015	5.9691347687180505
1006	1015	6.5369266299245785
1017	1017	0.7064883340457963
1005	1015	7.1047184911311065
1015	1015	0.7246092710010571
1004	1015	7.672510352337635
1014	1014	2.8062133073788784
1003	1015	8.240302213544162
1013	1015	2.2457063749438753
1002	1015	8.80809407475069
1012	1015	2.9462215954840687
1001	1015	9.465300579846083
1009	1015	4.833551046304994
=========================

Tempo:515018.03466666664
Destinazione	 NEXTHOP	 Costo
1011	1015	3.63725399653722
1010	1015	4.23233683841373
1008	1015	5.367920560826786
1007	1015	5.935712422033314
1006	1015	6.503504283239842
1017	1017	0.7064883340457963
1005	1015	7.07129614444637
1015	1015	0.6994866368341524
1004	1015	7.639088005652898
1014	1015	1.4188386022633261
1003	1015	8.206879866859426
1013	1015	2.2457063749438753
1002	1015	8.774671728065954
1012	1015	2.9451930117780276
1001	1015	9.431878233161347
1009	1015	4.800128699620258
=========================

Tempo:515018.03466666664
Destinazione	 NEXTHOP	 Costo
1011	1015	3.63725399653722
1010	1015	4.23233683841373
1008	1015	5.367920560826786
1007	1015	5.935712422033314
1018	1017	2.4289165481637958
1006	1015	6.503504283239842
1017	1017	0.921407264755046
1005	1015	7.07129614444637
1015	1015	0.6994866368341524
1004	1015	7.639088005652898
1014	1015	1.4188386022633261
1003	1015	8.206879866859426
1013	1015	2.2457063749438753
1002	1015	8.774671728065954
1012	1015	2.9451930117780276
1001	1015	9.431878233161347
1009	1015	4.800128699620258
=========================

Tempo:515018.03466666664
Destinazione	 NEXTHOP	 Costo
1011	1015	3.63725399653722
1010	1015	4.23233683841373
1008	1015	5.367920560826786
1007	1015	5.935712422033314
1018	1017	2.4289165481637958
1006	1015	6.503504283239842
1017	1017	0.921407264755046
1005	1015	7.07129614444637
1015	1015	0.6994866368341524
1004	1015	7.639088005652898
1014	1015	1.4188386022633261
1003	1015	8.206879866859426
1013	1015	2.2457063749438753
1002	1015	8.774671728065954
1012	1015	2.9451930117780276
1001	1015	9.431878233161347
1009	1015	4.800128699620258
=========================

Tempo:520018.03466666664
Destinazione	 NEXTHOP	 Costo
1011	1015	3.63725399653722
1010	1015	4.23233683841373
1008	1015	5.367920560826786
1007	1015	5.935712422033314
1018	1017	2.4289165481637958
1006	1015	6.503504283239842
1017	1017	0.921407264755046
1005	1015	7.07129614444637
1015	1015	0.6994866368341524
1004	1015	7.639088005652898
1014	1014	2.646564223952764
1003	1015	8.206879866859426
1013	1015	2.2457063749438753
1002	1015	8.774671728065954
1012	1015	2.9451930117780276
1001	1015	9.431878233161347
1009	1015	4.800128699620258
=========================

Tempo:520018.03466666664
Destinazione	 NEXTHOP	 Costo
1011	1015	3.5565410617258997
1010	1015	4.124332922932427
1008	1015	5.259916645345483
1007	1015	5.827708506552011
1018	1017	2.4289165481637958
1006	1015	6.395500367758539
1017	1017	0.921407264755046
1005	1015	6.963292228965067
1015	1015	0.6920609847591924
1004	1015	7.531084090171595
1014	1015	1.3108346867820244
1003	1015	8.098875951378124
1013	1015	2.2457063749438753
1002	1015	8.666667812584652
1012	1015	2.937767359703068
1001	1015	9.323874317680046
1009	1015	4.692124784138955
=========================

Tempo:520018.03466666664
Destinazione	 NEXTHOP	 Costo
1011	1015	3.5565410617258997
1010	1015	4.124332922932427
1008	1015	5.259916645345483
1007	1015	5.827708506552011
1018	1017	2.4289165481637958
1006	1015	6.395500367758539
1017	1017	1.3437220953164988
1005	1015	6.963292228965067
1015	1015	0.6920609847591924
1004	1015	7.531084090171595
1014	1015	1.3108346867820244
1003	1015	8.098875951378124
1013	1015	2.2457063749438753
1002	1015	8.666667812584652
1012	1015	2.937767359703068
1001	1015	9.323874317680046
1009	1015	4.692124784138955
=========================

Tempo:520018.03466666664
Destinazione	 NEXTHOP	 Costo
1011	1015	3.5565410617258997
1010	1015	4.124332922932427
1008	1015	5.259916645345483
1007	1015	5.827708506552011
1018	1017	2.4289165481637958
1006	1015	6.395500367758539
1017	1017	1.3437220953164988
1005	1015	6.963292228965067
1015	1015	0.6920609847591924
1004	1015	7.531084090171595
1014	1015	1.3108346867820244
1003	1015	8.098875951378124
1013	1015	2.2457063749438753
1002	1015	8.666667812584652
1012	1015	2.937767359703068
1001	1015	9.323874317680046
1009	1015	4.692124784138955
=========================

Tempo:525018.0346666666
Destinazione	 NEXTHOP	 Costo
1011	1015	3.5565410617258997
1010	1015	4.124332922932427
1008	1015	5.259916645345483
1007	1015	5.827708506552011
1018	1017	2.4289165481637958
1006	1015	6.395500367758539
1017	1017	1.3437220953164988
1005	1015	6.963292228965067
1015	1015	0.6920609847591924
1004	1015	7.531084090171595
1014	1014	2.5806927017434433
1003	1015	8.098875951378124
1013	1015	2.2457063749438753
1002	1015	8.666667812584652
1012	1015	2.937767359703068
1001	1015	9.323874317680046
1009	1015	4.692124784138955
=========================

Tempo:525018.0346666666
Destinazione	 NEXTHOP	 Costo
1011	1015	3.541149914097409
1010	1015	4.108941775303937
1008	1015	5.244525497716993
1007	1015	5.812317358923521
1018	1017	2.4289165481637958
1006	1015	6.380109220130049
1017	1017	1.3437220953164988
1005	1015	6.947901081336577
1015	1015	0.7029933935171425
1004	1015	7.515692942543105
1014	1015	1.295443539153534
1003	1015	8.083484803749633
1013	1015	2.2457063749438753
1002	1015	8.65127666495616
1012	1015	2.937767359703068
1001	1015	9.308483170051554
1009	1015	4.676733636510465
=========================
