
Tempo:360018.03466666664
Destinazione	 NEXTHOP	 Costo
1008	1011	2.7476205960566222
1007	1011	3.1634637568221784
1006	1011	3.5793069175877346
1005	1011	3.9951500783532907
1004	1011	4.410993239118847
1003	1011	4.826836399884403
1002	1011	5.242679560649959
1001	1011	5.853698793401857
1012	1011	1.489040573990625
1011	1011	1.0
1010	1011	1.911527407698232
1009	1011	2.567761145526034
=========================

Tempo:360018.03466666664
Destinazione	 NEXTHOP	 Costo
1008	1011	2.7476205960566222
1007	1011	3.1634637568221784
1006	1011	3.5793069175877346
1005	1011	3.9951500783532907
1004	1011	4.410993239118847
1003	1011	4.826836399884403
1002	1011	5.242679560649959
1001	1011	5.853698793401857
1012	1012	0.6839182194860022
1011	1011	1.0
1010	1011	1.911527407698232
1009	1012	2.4315388155426243
=========================

Tempo:365018.03466666664
Destinazione	 NEXTHOP	 Costo
1008	1011	2.7476205960566222
1007	1011	3.1634637568221784
1006	1011	3.5793069175877346
1005	1011	3.9951500783532907
1004	1011	4.410993239118847
1003	1011	4.826836399884403
1002	1011	5.242679560649959
1001	1011	5.853698793401857
1012	1012	0.6839182194860022
1011	1011	1.5678327897201771
1010	1011	1.911527407698232
1009	1012	2.4315388155426243
=========================

Tempo:365018.03466666664
Destinazione	 NEXTHOP	 Costo
1008	1011	2.7476205960566222
1007	1011	3.1634637568221784
1006	1011	3.5793069175877346
1005	1011	3.9951500783532907
1004	1011	4.410993239118847
1003	1011	4.826836399884403
1002	1011	5.242679560649959
1001	1011	5.853698793401857
1012	1012	0.684293188405094
1011	1012	1.170658478591129
1010	1012	1.7849514705000278
1009	1012	2.4315388155426243
=========================

Tempo:370018.03466666664
Destinazione	 NEXTHOP	 Costo
1008	1011	2.7476205960566222
1007	1011	3.1634637568221784
1006	1011	3.5793069175877346
1005	1011	3.9951500783532907
1004	1011	4.410993239118847
1003	1011	4.826836399884403
1002	1011	5.242679560649959
1001	1011	5.853698793401857
1012	1012	0.684293188405094
1011	1011	1.6797113495622755
1010	1012	1.7849514705000278
1009	1012	2.4315388155426243
=========================

Tempo:370018.03466666664
Destinazione	 NEXTHOP	 Costo
1008	1012	2.7207602031510856
1007	1012	3.1366033639166417
1006	1012	3.552446524682198
1005	1012	3.968289685447754
1004	1012	4.38413284621331
1003	1012	4.799976006978866
1002	1012	5.215819167744423
1001	1012	5.82683840049632
1012	1012	0.5572964463289072
1011	1012	1.2497938577503198
1010	1012	1.747620596056622
1009	1012	2.3049170423855294
=========================

Tempo:375018.03466666664
Destinazione	 NEXTHOP	 Costo
1008	1012	2.7207602031510856
1007	1012	3.1366033639166417
1006	1012	3.552446524682198
1005	1012	3.968289685447754
1004	1012	4.38413284621331
1003	1012	4.799976006978866
1002	1012	5.215819167744423
1001	1012	5.82683840049632
1012	1012	0.5572964463289072
1011	1011	1.8557637275385024
1010	1012	1.747620596056622
1009	1012	2.3049170423855294
=========================

Tempo:375018.03466666664
Destinazione	 NEXTHOP	 Costo
1008	1012	2.584175748104779
1007	1012	3.0000189088703353
1006	1012	3.4158620696358915
1005	1012	3.8317052304014476
1004	1012	4.247548391167004
1003	1012	4.66339155193256
1002	1012	5.079234712698116
1001	1012	5.690253945450014
1012	1012	0.4207119912826007
1011	1012	1.41302007431284
1010	1012	1.747620596056622
1009	1012	2.1683325873392225
=========================

Tempo:380018.03466666664
Destinazione	 NEXTHOP	 Costo
1008	1012	2.584175748104779
1007	1012	3.0000189088703353
1006	1012	3.4158620696358915
1005	1012	3.8317052304014476
1004	1012	4.247548391167004
1003	1012	4.66339155193256
1002	1012	5.079234712698116
1001	1012	5.690253945450014
1012	1012	0.4207119912826007
1011	1011	2.170969798412021
1010	1012	1.747620596056622
1009	1012	2.1683325873392225
=========================

Tempo:380018.03466666664
Destinazione	 NEXTHOP	 Costo
1008	1012	2.5793069175877346
1007	1012	2.9951500783532907
1006	1012	3.410993239118847
1005	1012	3.826836399884403
1004	1012	4.242679560649959
1003	1012	4.658522721415515
1002	1012	5.0743658821810715
1001	1012	5.685385114932969
1012	1012	0.41584316076555616
1011	1012	1.486372171100703
1010	1012	1.747620596056622
1009	1012	2.1634637568221784
=========================

Tempo:385018.03466666664
Destinazione	 NEXTHOP	 Costo
1008	1012	2.5793069175877346
1007	1012	2.9951500783532907
1006	1012	3.410993239118847
1005	1012	3.826836399884403
1004	1012	4.242679560649959
1003	1012	4.658522721415515
1002	1012	5.0743658821810715
1001	1012	5.685385114932969
1012	1012	0.41584316076555616
1011	1011	2.442341498385543
1010	1012	1.747620596056622
1009	1012	2.1634637568221784
=========================

Tempo:385018.03466666664
Destinazione	 NEXTHOP	 Costo
1008	1012	2.5793069175877346
1007	1012	2.9951500783532907
1006	1012	3.410993239118847
1005	1012	3.826836399884403
1004	1012	4.242679560649959
1003	1012	4.658522721415515
1002	1012	5.0743658821810715
1001	1012	5.685385114932969
1012	1012	0.4395188195416564
1011	1012	1.525658783394507
1010	1012	1.747620596056622
1009	1012	2.1634637568221784
=========================

Tempo:390018.03466666664
Destinazione	 NEXTHOP	 Costo
1008	1012	2.5793069175877346
1007	1012	2.9951500783532907
1006	1012	3.410993239118847
1005	1012	3.826836399884403
1004	1012	4.242679560649959
1003	1012	4.658522721415515
1002	1012	5.0743658821810715
1001	1012	5.685385114932969
1012	1012	0.4395188195416564
1011	1011	2.369044990398309
1010	1012	1.747620596056622
1009	1012	2.1634637568221784
=========================

Tempo:390018.03466666664
Destinazione	 NEXTHOP	 Costo
1008	1012	2.5793069175877346
1007	1012	2.9951500783532907
1006	1012	3.410993239118847
1005	1012	3.826836399884403
1004	1012	4.242679560649959
1003	1012	4.658522721415515
1002	1012	5.0743658821810715
1001	1012	5.685385114932969
1012	1012	0.4625118556936663
1011	1012	1.3740392633918985
1010	1012	1.747620596056622
1009	1012	2.1634637568221784
=========================

Tempo:390018.03466666664
Destinazione	 NEXTHOP	 Costo
1011	1012	1.3740392633918985
1010	1012	1.747620596056622
1008	1012	2.5793069175877346
1007	1012	2.9951500783532907
1006	1012	3.410993239118847
1005	1012	3.826836399884403
1004	1012	4.242679560649959
1003	1012	4.658522721415515
1014	1014	1.0568902869439392
1002	1012	5.0743658821810715
1001	1012	5.685385114932969
1012	1012	0.4625118556936663
1009	1012	2.1634637568221784
=========================

Tempo:395018.03466666664
Destinazione	 NEXTHOP	 Costo
1011	1011	2.025545059868497
1010	1012	1.747620596056622
1008	1012	2.5793069175877346
1007	1012	2.9951500783532907
1006	1012	3.410993239118847
1005	1012	3.826836399884403
1004	1012	4.242679560649959
1003	1012	4.658522721415515
1014	1014	1.0568902869439392
1002	1012	5.0743658821810715
1001	1012	5.685385114932969
1012	1012	0.4625118556936663
1009	1012	2.1634637568221784
=========================

Tempo:395018.03466666664
Destinazione	 NEXTHOP	 Costo
1011	1012	1.1006582820949338
1010	1012	1.747620596056622
1008	1012	2.5793069175877346
1007	1012	2.9951500783532907
1006	1012	3.410993239118847
1005	1012	3.826836399884403
1004	1012	4.242679560649959
1003	1012	4.658522721415515
1014	1014	1.0568902869439392
1002	1012	5.0743658821810715
1001	1012	5.685385114932969
1012	1012	0.4863652901860349
1009	1012	2.1634637568221784
=========================

Tempo:395018.03466666664
Destinazione	 NEXTHOP	 Costo
1011	1012	1.1006582820949338
1010	1012	1.747620596056622
1008	1012	2.5793069175877346
1007	1012	2.9951500783532907
1006	1012	3.410993239118847
1005	1012	3.826836399884403
1004	1012	4.242679560649959
1003	1012	4.658522721415515
1014	1014	1.0893741353858195
1002	1012	5.0743658821810715
1001	1012	5.685385114932969
1012	1012	0.4863652901860349
1009	1012	2.1634637568221784
=========================

Tempo:400018.03466666664
Destinazione	 NEXTHOP	 Costo
1011	1011	2.2516884503573653
1010	1012	1.747620596056622
1008	1012	2.5793069175877346
1007	1012	2.9951500783532907
1006	1012	3.410993239118847
1005	1012	3.826836399884403
1004	1012	4.242679560649959
1003	1012	4.658522721415515
1014	1014	1.0893741353858195
1002	1012	5.0743658821810715
1001	1012	5.685385114932969
1012	1012	0.4863652901860349
1009	1012	2.1634637568221784
=========================

Tempo:400018.03466666664
Destinazione	 NEXTHOP	 Costo
1011	1012	1.1903241497277148
1010	1012	1.747620596056622
1008	1012	2.5793069175877346
1007	1012	2.9951500783532907
1006	1012	3.410993239118847
1005	1012	3.826836399884403
1004	1012	4.242679560649959
1003	1012	4.658522721415515
1014	1014	1.0893741353858195
1002	1012	5.0743658821810715
1001	1012	5.685385114932969
1012	1012	0.6924974114214126
1009	1012	2.1634637568221784
=========================

Tempo:400018.03466666664
Destinazione	 NEXTHOP	 Costo
1011	1012	1.1903241497277148
1010	1012	1.747620596056622
1008	1012	2.5793069175877346
1007	1012	2.9951500783532907
1006	1012	3.410993239118847
1005	1012	3.826836399884403
1004	1012	4.242679560649959
1003	1012	4.658522721415515
1014	1014	0.8249493898624018
1002	1012	5.0743658821810715
1001	1012	5.685385114932969
1012	1012	0.6924974114214126
1009	1012	2.1634637568221784
=========================

Tempo:405018.03466666664
Destinazione	 NEXTHOP	 Costo
1011	1011	2.7370986479937307
1010	1012	1.747620596056622
1008	1012	2.5793069175877346
1007	1012	2.9951500783532907
1006	1012	3.410993239118847
1005	1012	3.826836399884403
1004	1012	4.242679560649959
1003	1012	4.658522721415515
1014	1014	0.8249493898624018
1002	1012	5.0743658821810715
1001	1012	5.685385114932969
1012	1012	0.6924974114214126
1009	1012	2.1634637568221784
=========================

Tempo:405018.03466666664
Destinazione	 NEXTHOP	 Costo
1011	1012	1.4742475899348446
1010	1012	1.747620596056622
1008	1012	2.5793069175877346
1007	1012	2.9951500783532907
1006	1012	3.410993239118847
1005	1012	3.826836399884403
1004	1012	4.242679560649959
1003	1012	4.658522721415515
1014	1014	0.8249493898624018
1002	1012	5.0743658821810715
1001	1012	5.685385114932969
1012	1012	0.9923080830302393
1009	1012	2.1634637568221784
=========================

Tempo:405018.03466666664
Destinazione	 NEXTHOP	 Costo
1011	1012	1.4742475899348446
1010	1012	1.747620596056622
1008	1012	2.5793069175877346
1007	1012	2.9951500783532907
1006	1012	3.410993239118847
1005	1012	3.826836399884403
1004	1012	4.242679560649959
1003	1012	4.658522721415515
1014	1014	0.5429678982742572
1002	1012	5.0743658821810715
1001	1012	5.685385114932969
1012	1012	0.9923080830302393
1009	1012	2.1634637568221784
=========================

Tempo:410018.03466666664
Destinazione	 NEXTHOP	 Costo
1011	1011	2.8286619187760382
1010	1012	1.747620596056622
1008	1012	2.5793069175877346
1007	1012	2.9951500783532907
1006	1012	3.410993239118847
1005	1012	3.826836399884403
1004	1012	4.242679560649959
1003	1012	4.658522721415515
1014	1014	0.5429678982742572
1002	1012	5.0743658821810715
1001	1012	5.685385114932969
1012	1012	0.9923080830302393
1009	1012	2.1634637568221784
=========================

Tempo:410018.03466666664
Destinazione	 NEXTHOP	 Costo
1011	1012	1.5521904994333067
1010	1012	1.747620596056622
1008	1012	2.5793069175877346
1007	1012	2.9951500783532907
1006	1012	3.410993239118847
1005	1012	3.826836399884403
1004	1012	4.242679560649959
1003	1012	4.658522721415515
1014	1014	0.5429678982742572
1002	1012	5.0743658821810715
1001	1012	5.685385114932969
1012	1012	1.0705290103351468
1009	1012	2.1634637568221784
=========================

Tempo:410018.03466666664
Destinazione	 NEXTHOP	 Costo
1011	1012	1.5521904994333067
1010	1012	1.747620596056622
1008	1012	2.5793069175877346
1007	1012	2.9951500783532907
1006	1012	3.410993239118847
1005	1012	3.826836399884403
1004	1012	4.242679560649959
1003	1012	4.658522721415515
1014	1014	0.4891816954040285
1002	1012	5.0743658821810715
1001	1012	5.685385114932969
1012	1012	1.0705290103351468
1009	1012	2.1634637568221784
=========================

Tempo:415018.03466666664
Destinazione	 NEXTHOP	 Costo
1011	1011	2.834088548034778
1010	1012	1.747620596056622
1008	1012	2.5793069175877346
1007	1012	2.9951500783532907
1006	1012	3.410993239118847
1005	1012	3.826836399884403
1004	1012	4.242679560649959
1003	1012	4.658522721415515
1014	1014	0.4891816954040285
1002	1012	5.0743658821810715
1001	1012	5.685385114932969
1012	1012	1.0705290103351468
1009	1012	2.1634637568221784
=========================

Tempo:415018.03466666664
Destinazione	 NEXTHOP	 Costo
1011	1012	1.5860174976246635
1010	1012	1.747620596056622
1008	1012	2.5793069175877346
1007	1012	2.9951500783532907
1006	1012	3.410993239118847
1005	1012	3.826836399884403
1004	1012	4.242679560649959
1003	1012	4.658522721415515
1014	1014	0.4891816954040285
1002	1012	5.0743658821810715
1001	1012	5.685385114932969
1012	1012	1.0861399638528506
1009	1012	2.1634637568221784
=========================

Tempo:415018.03466666664
Destinazione	 NEXTHOP	 Costo
1011	1012	1.5860174976246635
1010	1012	1.747620596056622
1008	1012	2.5793069175877346
1007	1012	2.9951500783532907
1006	1012	3.410993239118847
1005	1012	3.826836399884403
1004	1012	4.242679560649959
1003	1012	4.658522721415515
1014	1014	0.48904057399062484
1002	1012	5.0743658821810715
1001	1012	5.685385114932969
1012	1012	1.0861399638528506
1009	1012	2.1634637568221784
=========================

Tempo:420018.03466666664
Destinazione	 NEXTHOP	 Costo
1011	1011	2.851910458796252
1010	1012	1.747620596056622
1008	1012	2.5793069175877346
1007	1012	2.9951500783532907
1006	1012	3.410993239118847
1005	1012	3.826836399884403
1004	1012	4.242679560649959
1003	1012	4.658522721415515
1014	1014	0.48904057399062484
1002	1012	5.0743658821810715
1001	1012	5.685385114932969
1012	1012	1.0861399638528506
1009	1012	2.1634637568221784
=========================

Tempo:420018.03466666664
Destinazione	 NEXTHOP	 Costo
1011	1012	1.5677611455260339
1010	1012	1.747620596056622
1008	1012	2.5793069175877346
1007	1012	2.9951500783532907
1006	1012	3.410993239118847
1005	1012	3.826836399884403
1004	1012	4.242679560649959
1003	1012	4.658522721415515
1014	1014	0.48904057399062484
1002	1012	5.0743658821810715
1001	1012	5.685385114932969
1012	1012	0.9115274076982322
1009	1012	2.1634637568221784
=========================

Tempo:420018.03466666664
Destinazione	 NEXTHOP	 Costo
1011	1012	1.5677611455260339
1010	1012	1.747620596056622
1008	1012	2.5793069175877346
1007	1012	2.9951500783532907
1006	1012	3.410993239118847
1005	1012	3.826836399884403
1004	1012	4.242679560649959
1003	1012	4.658522721415515
1014	1014	0.4979796611161938
1002	1012	5.0743658821810715
1001	1012	5.685385114932969
1012	1012	0.9115274076982322
1009	1012	2.1634637568221784
=========================

Tempo:420018.03466666664
Destinazione	 NEXTHOP	 Costo
1011	1012	1.5677611455260339
1010	1012	1.747620596056622
1008	1012	2.5793069175877346
1007	1012	2.9951500783532907
1006	1012	3.410993239118847
1005	1012	3.826836399884403
1004	1012	4.242679560649959
1015	1015	3.043566294254816
1003	1012	4.658522721415515
1014	1014	0.4979796611161938
1002	1012	5.0743658821810715
1001	1012	5.685385114932969
1012	1012	0.9115274076982322
1009	1012	2.1634637568221784
=========================

Tempo:425018.03466666664
Destinazione	 NEXTHOP	 Costo
1011	1011	2.8423322049273763
1010	1012	1.747620596056622
1008	1012	2.5793069175877346
1007	1012	2.9951500783532907
1006	1012	3.410993239118847
1005	1012	3.826836399884403
1004	1012	4.242679560649959
1015	1015	3.043566294254816
1003	1012	4.658522721415515
1014	1014	0.4979796611161938
1002	1012	5.0743658821810715
1001	1012	5.685385114932969
1012	1012	0.9115274076982322
1009	1012	2.1634637568221784
=========================

Tempo:425018.03466666664
Destinazione	 NEXTHOP	 Costo
1011	1012	1.5679551090740491
1010	1012	1.747620596056622
1008	1012	2.5793069175877346
1007	1012	2.9951500783532907
1006	1012	3.410993239118847
1005	1012	3.826836399884403
1004	1012	4.242679560649959
1015	1015	3.043566294254816
1003	1012	4.658522721415515
1014	1014	0.4979796611161938
1002	1012	5.0743658821810715
1001	1012	5.685385114932969
1012	1012	0.6142929919088989
1009	1012	2.1634637568221784
=========================

Tempo:425018.03466666664
Destinazione	 NEXTHOP	 Costo
1011	1012	1.5679551090740491
1010	1012	1.747620596056622
1008	1012	2.5793069175877346
1007	1012	2.9951500783532907
1006	1012	3.410993239118847
1005	1012	3.826836399884403
1004	1012	4.242679560649959
1015	1014	1.567525126794636
1003	1012	4.658522721415515
1014	1014	0.5106348398506969
1002	1012	5.0743658821810715
1001	1012	5.685385114932969
1012	1012	0.6142929919088989
1009	1012	2.1634637568221784
=========================

Tempo:425018.03466666664
Destinazione	 NEXTHOP	 Costo
1011	1012	1.5679551090740491
1010	1012	1.747620596056622
1008	1012	2.5793069175877346
1007	1012	2.9951500783532907
1006	1012	3.410993239118847
1005	1012	3.826836399884403
1004	1012	4.242679560649959
1015	1015	3.0561014233806683
1003	1012	4.658522721415515
1014	1014	0.5106348398506969
1002	1012	5.0743658821810715
1001	1012	5.685385114932969
1012	1012	0.6142929919088989
1009	1012	2.1634637568221784
=========================

Tempo:430018.03466666664
Destinazione	 NEXTHOP	 Costo
1011	1011	2.7339546546370945
1010	1012	1.747620596056622
1008	1012	2.5793069175877346
1007	1012	2.9951500783532907
1006	1012	3.410993239118847
1005	1012	3.826836399884403
1004	1012	4.242679560649959
1015	1015	3.0561014233806683
1003	1012	4.658522721415515
1014	1014	0.5106348398506969
1002	1012	5.0743658821810715
1001	1012	5.685385114932969
1012	1012	0.6142929919088989
1009	1012	2.1634637568221784
=========================

Tempo:430018.03466666664
Destinazione	 NEXTHOP	 Costo
1011	1012	1.4859938100785588
1010	1012	1.747620596056622
1008	1012	2.5793069175877346
1007	1012	2.9951500783532907
1006	1012	3.410993239118847
1005	1012	3.826836399884403
1004	1012	4.242679560649959
1015	1015	3.0561014233806683
1003	1012	4.658522721415515
1014	1014	0.5106348398506969
1002	1012	5.0743658821810715
1001	1012	5.685385114932969
1012	1012	0.49782673830630214
1009	1012	2.1634637568221784
=========================

Tempo:430018.03466666664
Destinazione	 NEXTHOP	 Costo
1011	1012	1.4859938100785588
1010	1012	1.747620596056622
1008	1012	2.5793069175877346
1007	1012	2.9951500783532907
1006	1012	3.410993239118847
1005	1012	3.826836399884403
1004	1012	4.242679560649959
1015	1014	1.8253678067955823
1003	1012	4.658522721415515
1014	1014	0.7359936714097627
1002	1012	5.0743658821810715
1001	1012	5.685385114932969
1012	1012	0.49782673830630214
1009	1012	2.1634637568221784
=========================

Tempo:430018.03466666664
Destinazione	 NEXTHOP	 Costo
1011	1012	1.4859938100785588
1010	1012	1.747620596056622
1008	1012	2.5793069175877346
1007	1012	2.9951500783532907
1006	1012	3.410993239118847
1005	1012	3.826836399884403
1004	1012	4.242679560649959
1015	1015	3.0582140205116914
1003	1012	4.658522721415515
1014	1014	0.7359936714097627
1002	1012	5.0743658821810715
1001	1012	5.685385114932969
1012	1012	0.49782673830630214
1009	1012	2.1634637568221784
=========================

Tempo:435018.03466666664
Destinazione	 NEXTHOP	 Costo
1011	1011	2.236195379287064
1010	1012	1.747620596056622
1008	1012	2.5793069175877346
1007	1012	2.9951500783532907
1006	1012	3.410993239118847
1005	1012	3.826836399884403
1004	1012	4.242679560649959
1015	1015	3.0582140205116914
1003	1012	4.658522721415515
1014	1014	0.7359936714097627
1002	1012	5.0743658821810715
1001	1012	5.685385114932969
1012	1012	0.49782673830630214
1009	1012	2.1634637568221784
=========================

Tempo:435018.03466666664
Destinazione	 NEXTHOP	 Costo
1011	1012	1.158617773307785
1010	1012	1.747620596056622
1008	1012	2.5793069175877346
1007	1012	2.9951500783532907
1006	1012	3.410993239118847
1005	1012	3.826836399884403
1004	1012	4.242679560649959
1015	1015	3.0582140205116914
1003	1012	4.658522721415515
1014	1014	0.7359936714097627
1002	1012	5.0743658821810715
1001	1012	5.685385114932969
1012	1012	0.48193950690460535
1009	1012	2.1634637568221784
=========================

Tempo:435018.03466666664
Destinazione	 NEXTHOP	 Costo
1011	1012	1.158617773307785
1010	1012	1.747620596056622
1008	1012	2.5793069175877346
1007	1012	2.9951500783532907
1006	1012	3.410993239118847
1005	1012	3.826836399884403
1004	1012	4.242679560649959
1015	1014	1.8936556496065406
1003	1012	4.658522721415515
1014	1014	1.0687062597441388
1002	1012	5.0743658821810715
1001	1012	5.685385114932969
1012	1012	0.48193950690460535
1009	1012	2.1634637568221784
=========================

Tempo:435018.03466666664
Destinazione	 NEXTHOP	 Costo
1011	1012	1.158617773307785
1010	1012	1.747620596056622
1008	1012	2.5793069175877346
1007	1012	2.9951500783532907
1006	1012	3.410993239118847
1005	1012	3.826836399884403
1004	1012	4.242679560649959
1015	1015	3.04802871156001
1003	1012	4.658522721415515
1014	1014	1.0687062597441388
1002	1012	5.0743658821810715
1001	1012	5.685385114932969
1012	1012	0.48193950690460535
1009	1012	2.1634637568221784
=========================

Tempo:440018.03466666664
Destinazione	 NEXTHOP	 Costo
1011	1011	1.9665796799555069
1010	1012	1.747620596056622
1008	1012	2.5793069175877346
1007	1012	2.9951500783532907
1006	1012	3.410993239118847
1005	1012	3.826836399884403
1004	1012	4.242679560649959
1015	1015	3.04802871156001
1003	1012	4.658522721415515
1014	1014	1.0687062597441388
1002	1012	5.0743658821810715
1001	1012	5.685385114932969
1012	1012	0.48193950690460535
1009	1012	2.1634637568221784
=========================

Tempo:440018.03466666664
Destinazione	 NEXTHOP	 Costo
1011	1012	0.9963732664319187
1010	1012	1.747620596056622
1008	1012	2.5793069175877346
1007	1012	2.9951500783532907
1006	1012	3.410993239118847
1005	1012	3.826836399884403
1004	1012	4.242679560649959
1015	1015	3.04802871156001
1003	1012	4.658522721415515
1014	1014	1.0687062597441388
1002	1012	5.0743658821810715
1001	1012	5.685385114932969
1012	1012	0.48166148909815976
1009	1012	2.1634637568221784
=========================

Tempo:440018.03466666664
Destinazione	 NEXTHOP	 Costo
1011	1012	0.9963732664319187
1010	1012	1.747620596056622
1008	1012	2.5793069175877346
1007	1012	2.9951500783532907
1006	1012	3.410993239118847
1005	1012	3.826836399884403
1004	1012	4.242679560649959
1015	1014	1.6811579328950204
1003	1012	4.658522721415515
1014	1014	1.1381900346207632
1002	1012	5.0743658821810715
1001	1012	5.685385114932969
1012	1012	0.48166148909815976
1009	1012	2.1634637568221784
=========================

Tempo:440018.03466666664
Destinazione	 NEXTHOP	 Costo
1011	1012	0.9963732664319187
1010	1012	1.747620596056622
1008	1012	2.5793069175877346
1007	1012	2.9951500783532907
1006	1012	3.410993239118847
1005	1012	3.826836399884403
1004	1012	4.242679560649959
1015	1015	3.0464607675826225
1003	1012	4.658522721415515
1014	1014	1.1381900346207632
1002	1012	5.0743658821810715
1001	1012	5.685385114932969
1012	1012	0.48166148909815976
1009	1012	2.1634637568221784
=========================

Tempo:445018.03466666664
Destinazione	 NEXTHOP	 Costo
1011	1011	1.9921414098448964
1010	1012	1.747620596056622
1008	1012	2.5793069175877346
1007	1012	2.9951500783532907
1006	1012	3.410993239118847
1005	1012	3.826836399884403
1004	1012	4.242679560649959
1015	1015	3.0464607675826225
1003	1012	4.658522721415515
1014	1014	1.1381900346207632
1002	1012	5.0743658821810715
1001	1012	5.685385114932969
1012	1012	0.48166148909815976
1009	1012	2.1634637568221784
=========================

Tempo:445018.03466666664
Destinazione	 NEXTHOP	 Costo
1011	1012	1.0090368323976335
1010	1012	1.747620596056622
1008	1012	2.5793069175877346
1007	1012	2.9951500783532907
1006	1012	3.410993239118847
1005	1012	3.826836399884403
1004	1012	4.242679560649959
1015	1015	3.0464607675826225
1003	1012	4.658522721415515
1014	1014	1.1381900346207632
1002	1012	5.0743658821810715
1001	1012	5.685385114932969
1012	1012	0.4998775337718128
1009	1012	2.1634637568221784
=========================

Tempo:445018.03466666664
Destinazione	 NEXTHOP	 Costo
1011	1012	1.0090368323976335
1010	1012	1.747620596056622
1008	1012	2.5793069175877346
1007	1012	2.9951500783532907
1006	1012	3.410993239118847
1005	1012	3.826836399884403
1004	1012	4.242679560649959
1015	1014	1.6206235682708827
1003	1012	4.658522721415515
1014	1014	1.1314418728668543
1002	1012	5.0743658821810715
1001	1012	5.685385114932969
1012	1012	0.4998775337718128
1009	1012	2.1634637568221784
=========================

Tempo:445018.03466666664
Destinazione	 NEXTHOP	 Costo
1011	1012	1.0090368323976335
1010	1012	1.747620596056622
1008	1012	2.5793069175877346
1007	1012	2.9951500783532907
1006	1012	3.410993239118847
1005	1012	3.826836399884403
1004	1012	4.242679560649959
1015	1015	3.0480771246436587
1003	1012	4.658522721415515
1014	1014	1.1314418728668543
1002	1012	5.0743658821810715
1001	1012	5.685385114932969
1012	1012	0.4998775337718128
1009	1012	2.1634637568221784
=========================

Tempo:450018.03466666664
Destinazione	 NEXTHOP	 Costo
1011	1011	2.2670426868012603
1010	1012	1.747620596056622
1008	1012	2.5793069175877346
1007	1012	2.9951500783532907
1006	1012	3.410993239118847
1005	1012	3.826836399884403
1004	1012	4.242679560649959
1015	1015	3.0480771246436587
1003	1012	4.658522721415515
1014	1014	1.1314418728668543
1002	1012	5.0743658821810715
1001	1012	5.685385114932969
1012	1012	0.4998775337718128
1009	1012	2.1634637568221784
=========================

Tempo:450018.03466666664
Destinazione	 NEXTHOP	 Costo
1011	1012	1.172519958626157
1010	1012	1.747620596056622
1008	1012	2.5793069175877346
1007	1012	2.9951500783532907
1006	1012	3.410993239118847
1005	1012	3.826836399884403
1004	1012	4.242679560649959
1015	1015	3.0480771246436587
1003	1012	4.658522721415515
1014	1014	1.1314418728668543
1002	1012	5.0743658821810715
1001	1012	5.685385114932969
1012	1012	0.6562337378278017
1009	1012	2.1634637568221784
=========================

Tempo:450018.03466666664
Destinazione	 NEXTHOP	 Costo
1011	1012	1.172519958626157
1010	1012	1.747620596056622
1008	1012	2.5793069175877346
1007	1012	2.9951500783532907
1006	1012	3.410993239118847
1005	1012	3.826836399884403
1004	1012	4.242679560649959
1015	1014	1.4103276039461417
1003	1012	4.658522721415515
1014	1014	0.9212870299555167
1002	1012	5.0743658821810715
1001	1012	5.685385114932969
1012	1012	0.6562337378278017
1009	1012	2.1634637568221784
=========================

Tempo:450018.03466666664
Destinazione	 NEXTHOP	 Costo
1011	1012	1.172519958626157
1010	1012	1.747620596056622
1008	1012	2.5793069175877346
1007	1012	2.9951500783532907
1006	1012	3.410993239118847
1005	1012	3.826836399884403
1004	1012	4.242679560649959
1015	1015	2.7118834749451257
1003	1012	4.658522721415515
1014	1014	0.9212870299555167
1002	1012	5.0743658821810715
1001	1012	5.685385114932969
1012	1012	0.6562337378278017
1009	1012	2.1634637568221784
=========================

Tempo:455018.03466666664
Destinazione	 NEXTHOP	 Costo
1011	1011	2.773775393192772
1010	1012	1.747620596056622
1008	1012	2.5793069175877346
1007	1012	2.9951500783532907
1006	1012	3.410993239118847
1005	1012	3.826836399884403
1004	1012	4.242679560649959
1015	1015	2.7118834749451257
1003	1012	4.658522721415515
1014	1014	0.9212870299555167
1002	1012	5.0743658821810715
1001	1012	5.685385114932969
1012	1012	0.6562337378278017
1009	1012	2.1634637568221784
=========================

Tempo:455018.03466666664
Destinazione	 NEXTHOP	 Costo
1011	1012	1.4827814052726382
1010	1012	1.747620596056622
1008	1012	2.5793069175877346
1007	1012	2.9951500783532907
1006	1012	3.410993239118847
1005	1012	3.826836399884403
1004	1012	4.242679560649959
1015	1015	2.7118834749451257
1003	1012	4.658522721415515
1014	1014	0.9212870299555167
1002	1012	5.0743658821810715
1001	1012	5.685385114932969
1012	1012	0.9536621171651503
1009	1012	2.1634637568221784
=========================

Tempo:455018.03466666664
Destinazione	 NEXTHOP	 Costo
1011	1012	1.4827814052726382
1010	1012	1.747620596056622
1008	1012	2.5793069175877346
1007	1012	2.9951500783532907
1006	1012	3.410993239118847
1005	1012	3.826836399884403
1016	1014	3.6512763480265438
1004	1012	4.242679560649959
1015	1014	1.1056897148879214
1003	1012	4.658522721415515
1014	1014	0.6077100537717277
1002	1012	5.0743658821810715
1001	1012	5.685385114932969
1012	1012	0.9536621171651503
1009	1012	2.1634637568221784
=========================

Tempo:455018.03466666664
Destinazione	 NEXTHOP	 Costo
1011	1012	1.4827814052726382
1010	1012	1.747620596056622
1008	1012	2.5793069175877346
1007	1012	2.9951500783532907
1006	1012	3.410993239118847
1005	1012	3.826836399884403
1016	1015	3.2301972390457703
1004	1012	4.242679560649959
1015	1015	2.1733069521018313
1003	1012	4.658522721415515
1014	1014	0.6077100537717277
1002	1012	5.0743658821810715
1001	1012	5.685385114932969
1012	1012	0.9536621171651503
1009	1012	2.1634637568221784
=========================

Tempo:460018.03466666664
Destinazione	 NEXTHOP	 Costo
1011	1011	2.9745935652864994
1010	1012	1.747620596056622
1008	1012	2.5793069175877346
1007	1012	2.9951500783532907
1006	1012	3.410993239118847
1005	1012	3.826836399884403
1016	1015	3.2301972390457703
1004	1012	4.242679560649959
1015	1015	2.1733069521018313
1003	1012	4.658522721415515
1014	1014	0.6077100537717277
1002	1012	5.0743658821810715
1001	1012	5.685385114932969
1012	1012	0.9536621171651503
1009	1012	2.1634637568221784
=========================

Tempo:460018.03466666664
Destinazione	 NEXTHOP	 Costo
1011	1012	1.6036569621605756
1010	1012	1.747620596056622
1008	1012	2.5793069175877346
1007	1012	2.9951500783532907
1006	1012	3.410993239118847
1005	1012	3.826836399884403
1016	1015	3.2301972390457703
1004	1012	4.242679560649959
1015	1015	2.1733069521018313
1003	1012	4.658522721415515
1014	1014	0.6077100537717277
1002	1012	5.0743658821810715
1001	1012	5.685385114932969
1012	1012	0.9881670717722566
1009	1012	2.1634637568221784
=========================

Tempo:460018.03466666664
Destinazione	 NEXTHOP	 Costo
1011	1012	1.6036569621605756
1010	1012	1.747620596056622
1008	1012	2.5793069175877346
1007	1012	2.9951500783532907
1006	1012	3.410993239118847
1005	1012	3.826836399884403
1016	1015	3.2301972390457703
1004	1012	4.242679560649959
1015	1014	0.9929069900869711
1003	1012	4.658522721415515
1014	1014	0.4822721502362742
1002	1012	5.0743658821810715
1001	1012	5.685385114932969
1012	1012	0.9881670717722566
1009	1012	2.1634637568221784
=========================

Tempo:460018.03466666664
Destinazione	 NEXTHOP	 Costo
1011	1012	1.6036569621605756
1010	1012	1.747620596056622
1008	1012	2.5793069175877346
1007	1012	2.9951500783532907
1006	1012	3.410993239118847
1005	1012	3.826836399884403
1016	1015	3.2301972390457703
1004	1012	4.242679560649959
1015	1015	2.332043597975167
1003	1012	4.658522721415515
1014	1014	0.4822721502362742
1002	1012	5.0743658821810715
1001	1012	5.685385114932969
1012	1012	0.9881670717722566
1009	1012	2.1634637568221784
=========================

Tempo:465018.03466666664
Destinazione	 NEXTHOP	 Costo
1011	1011	2.9682296003971516
1010	1012	1.747620596056622
1008	1012	2.5793069175877346
1007	1012	2.9951500783532907
1006	1012	3.410993239118847
1005	1012	3.826836399884403
1016	1015	3.2301972390457703
1004	1012	4.242679560649959
1015	1015	2.332043597975167
1003	1012	4.658522721415515
1014	1014	0.4822721502362742
1002	1012	5.0743658821810715
1001	1012	5.685385114932969
1012	1012	0.9881670717722566
1009	1012	2.1634637568221784
=========================

Tempo:465018.03466666664
Destinazione	 NEXTHOP	 Costo
1011	1012	1.597337186212224
1010	1012	1.747620596056622
1008	1012	2.5793069175877346
1007	1012	2.9951500783532907
1006	1012	3.410993239118847
1005	1012	3.826836399884403
1016	1015	3.2301972390457703
1004	1012	4.242679560649959
1015	1015	2.332043597975167
1003	1012	4.658522721415515
1014	1014	0.4822721502362742
1002	1012	5.0743658821810715
1001	1012	5.685385114932969
1012	1012	0.6766782664031795
1009	1012	2.1634637568221784
=========================

Tempo:465018.03466666664
Destinazione	 NEXTHOP	 Costo
1011	1012	1.597337186212224
1010	1012	1.747620596056622
1008	1012	2.5793069175877346
1007	1012	2.9951500783532907
1006	1012	3.410993239118847
1005	1012	3.826836399884403
1016	1015	3.2301972390457703
1004	1012	4.242679560649959
1015	1014	1.2030465059999444
1003	1012	4.658522721415515
1014	1014	0.46705283459018176
1002	1012	5.0743658821810715
1001	1012	5.685385114932969
1012	1012	0.6766782664031795
1009	1012	2.1634637568221784
=========================

Tempo:465018.03466666664
Destinazione	 NEXTHOP	 Costo
1011	1012	1.597337186212224
1010	1012	1.747620596056622
1008	1012	2.5793069175877346
1007	1012	2.9951500783532907
1006	1012	3.410993239118847
1005	1012	3.826836399884403
1016	1015	3.2301972390457703
1004	1012	4.242679560649959
1015	1015	2.8353562699951906
1003	1012	4.658522721415515
1014	1014	0.46705283459018176
1002	1012	5.0743658821810715
1001	1012	5.685385114932969
1012	1012	0.6766782664031795
1009	1012	2.1634637568221784
=========================

Tempo:470018.03466666664
Destinazione	 NEXTHOP	 Costo
1011	1011	2.9916659132923726
1010	1012	1.747620596056622
1008	1012	2.5793069175877346
1007	1012	2.9951500783532907
1006	1012	3.410993239118847
1005	1012	3.826836399884403
1016	1015	3.2301972390457703
1004	1012	4.242679560649959
1015	1015	2.8353562699951906
1003	1012	4.658522721415515
1014	1014	0.46705283459018176
1002	1012	5.0743658821810715
1001	1012	5.685385114932969
1012	1012	0.6766782664031795
1009	1012	2.1634637568221784
=========================

Tempo:470018.03466666664
Destinazione	 NEXTHOP	 Costo
1011	1012	1.648056697435646
1010	1012	1.747620596056622
1008	1012	2.5793069175877346
1007	1012	2.9951500783532907
1006	1012	3.410993239118847
1005	1012	3.826836399884403
1016	1015	3.2301972390457703
1004	1012	4.242679560649959
1015	1015	2.8353562699951906
1003	1012	4.658522721415515
1014	1014	0.46705283459018176
1002	1012	5.0743658821810715
1001	1012	5.685385114932969
1012	1012	0.514711777333759
1009	1012	2.1634637568221784
=========================

Tempo:470018.03466666664
Destinazione	 NEXTHOP	 Costo
1011	1012	1.648056697435646
1010	1012	1.747620596056622
1008	1012	2.5793069175877346
1007	1012	2.9951500783532907
1006	1012	3.410993239118847
1005	1012	3.826836399884403
1016	1015	3.2301972390457703
1004	1012	4.242679560649959
1015	1014	1.5420173222865865
1003	1012	4.658522721415515
1014	1014	0.47331106254244765
1002	1012	5.0743658821810715
1001	1012	5.685385114932969
1012	1012	0.514711777333759
1009	1012	2.1634637568221784
=========================

Tempo:470018.03466666664
Destinazione	 NEXTHOP	 Costo
1011	1012	1.648056697435646
1010	1012	1.747620596056622
1008	1012	2.5793069175877346
1007	1012	2.9951500783532907
1006	1012	3.410993239118847
1005	1012	3.826836399884403
1016	1015	3.2301972390457703
1004	1012	4.242679560649959
1015	1015	2.9285727878768393
1003	1012	4.658522721415515
1014	1014	0.47331106254244765
1002	1012	5.0743658821810715
1001	1012	5.685385114932969
1012	1012	0.514711777333759
1009	1012	2.1634637568221784
=========================

Tempo:475018.03466666664
Destinazione	 NEXTHOP	 Costo
1011	1011	3.0417036062039258
1010	1012	1.747620596056622
1008	1012	2.5793069175877346
1007	1012	2.9951500783532907
1006	1012	3.410993239118847
1005	1012	3.826836399884403
1016	1015	3.2301972390457703
1004	1012	4.242679560649959
1015	1015	2.9285727878768393
1003	1012	4.658522721415515
1014	1014	0.47331106254244765
1002	1012	5.0743658821810715
1001	1012	5.685385114932969
1012	1012	0.514711777333759
1009	1012	2.1634637568221784
=========================

Tempo:475018.03466666664
Destinazione	 NEXTHOP	 Costo
1011	1012	1.6458203468838186
1010	1012	1.747620596056622
1008	1012	2.5793069175877346
1007	1012	2.9951500783532907
1006	1012	3.410993239118847
1005	1012	3.826836399884403
1016	1015	3.2301972390457703
1004	1012	4.242679560649959
1015	1015	2.9285727878768393
1003	1012	4.658522721415515
1014	1014	0.47331106254244765
1002	1012	5.0743658821810715
1001	1012	5.685385114932969
1012	1012	0.5091592986258208
1009	1012	2.1634637568221784
=========================

Tempo:475018.03466666664
Destinazione	 NEXTHOP	 Costo
1011	1012	1.6458203468838186
1010	1012	1.747620596056622
1008	1012	2.5793069175877346
1007	1012	2.9951500783532907
1006	1012	3.410993239118847
1005	1012	3.826836399884403
1016	1015	3.2301972390457703
1004	1012	4.242679560649959
1015	1014	1.6365754039022993
1003	1012	4.658522721415515
1014	1014	0.49838536928153604
1002	1012	5.0743658821810715
1001	1012	5.685385114932969
1012	1012	0.5091592986258208
1009	1012	2.1634637568221784
=========================

Tempo:475018.03466666664
Destinazione	 NEXTHOP	 Costo
1011	1012	1.6458203468838186
1010	1012	1.747620596056622
1008	1012	2.5793069175877346
1007	1012	2.9951500783532907
1006	1012	3.410993239118847
1005	1012	3.826836399884403
1016	1015	3.2301972390457703
1004	1012	4.242679560649959
1015	1015	2.9168327890168433
1003	1012	4.658522721415515
1014	1014	0.49838536928153604
1002	1012	5.0743658821810715
1001	1012	5.685385114932969
1012	1012	0.5091592986258208
1009	1012	2.1634637568221784
=========================

Tempo:480018.03466666664
Destinazione	 NEXTHOP	 Costo
1011	1012	1.6458203468838186
1010	1012	1.747620596056622
1008	1012	2.5793069175877346
1007	1012	2.9951500783532907
1006	1012	3.410993239118847
1005	1012	3.826836399884403
1016	1015	3.2301972390457703
1004	1012	4.242679560649959
1015	1015	2.9168327890168433
1003	1012	4.658522721415515
1014	1014	0.49838536928153604
1002	1012	5.0743658821810715
1001	1012	5.685385114932969
1012	1012	0.5091592986258208
1009	1012	2.1634637568221784
=========================

Tempo:480018.03466666664
Destinazione	 NEXTHOP	 Costo
1011	1012	1.6458203468838186
1010	1012	1.747620596056622
1008	1012	2.5793069175877346
1007	1012	2.9951500783532907
1006	1012	3.410993239118847
1005	1012	3.826836399884403
1016	1015	3.2301972390457703
1004	1012	4.242679560649959
1015	1015	2.9168327890168433
1003	1012	4.658522721415515
1014	1014	0.49838536928153604
1002	1012	5.0743658821810715
1001	1012	5.685385114932969
1012	1012	0.5162862207983554
1009	1012	2.1634637568221784
=========================

Tempo:480018.03466666664
Destinazione	 NEXTHOP	 Costo
1011	1012	1.6458203468838186
1010	1012	1.747620596056622
1008	1012	2.5793069175877346
1007	1012	2.9951500783532907
1006	1012	3.410993239118847
1005	1012	3.826836399884403
1016	1015	3.2301972390457703
1004	1012	4.242679560649959
1015	1014	1.802525208898075
1003	1012	4.658522721415515
1014	1014	0.6710833360312208
1002	1012	5.0743658821810715
1001	1012	5.685385114932969
1012	1012	0.5162862207983554
1009	1012	2.1634637568221784
=========================

Tempo:480018.03466666664
Destinazione	 NEXTHOP	 Costo
1011	1012	1.6458203468838186
1010	1012	1.747620596056622
1008	1012	2.5793069175877346
1007	1012	2.9951500783532907
1006	1012	3.410993239118847
1005	1012	3.826836399884403
1016	1015	3.2301972390457703
1004	1012	4.242679560649959
1015	1015	2.9283137962668264
1003	1012	4.658522721415515
1014	1014	0.6710833360312208
1002	1012	5.0743658821810715
1001	1012	5.685385114932969
1012	1012	0.5162862207983554
1009	1012	2.1634637568221784
=========================

Tempo:485018.03466666664
Destinazione	 NEXTHOP	 Costo
1011	1012	1.6458203468838186
1010	1012	1.747620596056622
1008	1012	2.5793069175877346
1007	1012	2.9951500783532907
1006	1012	3.410993239118847
1005	1012	3.826836399884403
1016	1015	3.2301972390457703
1004	1012	4.242679560649959
1015	1015	2.9283137962668264
1003	1012	4.658522721415515
1014	1014	0.6710833360312208
1002	1012	5.0743658821810715
1001	1012	5.685385114932969
1012	1012	0.5162862207983554
1009	1012	2.1634637568221784
=========================

Tempo:485018.03466666664
Destinazione	 NEXTHOP	 Costo
1011	1012	1.6458203468838186
1010	1012	1.747620596056622
1008	1012	2.5793069175877346
1007	1012	2.9951500783532907
1006	1012	3.410993239118847
1005	1012	3.826836399884403
1016	1015	3.2301972390457703
1004	1012	4.242679560649959
1015	1015	2.9283137962668264
1003	1012	4.658522721415515
1014	1014	0.6710833360312208
1002	1012	5.0743658821810715
1001	1012	5.685385114932969
1012	1012	0.5291192881074879
1009	1012	2.1634637568221784
=========================

Tempo:485018.03466666664
Destinazione	 NEXTHOP	 Costo
1011	1012	1.6458203468838186
1010	1012	1.747620596056622
1008	1012	2.5793069175877346
1007	1012	2.9951500783532907
1006	1012	3.410993239118847
1005	1012	3.826836399884403
1016	1015	3.2301972390457703
1004	1012	4.242679560649959
1015	1014	1.9187301900492932
1003	1012	4.658522721415515
1014	1014	0.9974431600937766
1002	1012	5.0743658821810715
1001	1012	5.685385114932969
1012	1012	0.5291192881074879
1009	1012	2.1634637568221784
=========================

Tempo:485018.03466666664
Destinazione	 NEXTHOP	 Costo
1011	1012	1.6458203468838186
1010	1012	1.747620596056622
1008	1012	2.5793069175877346
1007	1012	2.9951500783532907
1006	1012	3.410993239118847
1017	1015	5.982669683212336
1005	1012	3.826836399884403
1016	1015	3.2301972390457703
1004	1012	4.242679560649959
1015	1015	2.93910338895752
1003	1012	4.658522721415515
1014	1014	0.9974431600937766
1002	1012	5.0743658821810715
1001	1012	5.685385114932969
1012	1012	0.5291192881074879
1009	1012	2.1634637568221784
=========================

Tempo:490018.03466666664
Destinazione	 NEXTHOP	 Costo
1011	1012	1.6458203468838186
1010	1012	1.747620596056622
1008	1012	2.5793069175877346
1007	1012	2.9951500783532907
1006	1012	3.410993239118847
1017	1015	5.982669683212336
1005	1012	3.826836399884403
1016	1015	3.2301972390457703
1004	1012	4.242679560649959
1015	1015	2.93910338895752
1003	1012	4.658522721415515
1014	1014	0.9974431600937766
1002	1012	5.0743658821810715
1001	1012	5.685385114932969
1012	1012	0.5291192881074879
1009	1012	2.1634637568221784
=========================

Tempo:490018.03466666664
Destinazione	 NEXTHOP	 Costo
1011	1012	1.6458203468838186
1010	1012	1.747620596056622
1008	1012	2.5793069175877346
1007	1012	2.9951500783532907
1006	1012	3.410993239118847
1017	1015	5.982669683212336
1005	1012	3.826836399884403
1016	1015	3.2301972390457703
1004	1012	4.242679560649959
1015	1015	2.93910338895752
1003	1012	4.658522721415515
1014	1014	0.9974431600937766
1002	1012	5.0743658821810715
1001	1012	5.685385114932969
1012	1012	0.6154898903883189
1009	1012	2.1634637568221784
=========================

Tempo:490018.03466666664
Destinazione	 NEXTHOP	 Costo
1011	1012	1.6458203468838186
1010	1012	1.747620596056622
1008	1012	2.5793069175877346
1007	1012	2.9951500783532907
1006	1012	3.410993239118847
1017	1014	4.271546119593973
1005	1012	3.826836399884403
1016	1014	3.2146558326500334
1004	1012	4.242679560649959
1015	1014	1.6490589343199298
1003	1012	4.658522721415515
1014	1014	1.041348880548202
1002	1012	5.0743658821810715
1001	1012	5.685385114932969
1012	1012	0.6154898903883189
1009	1012	2.1634637568221784
=========================

Tempo:490018.03466666664
Destinazione	 NEXTHOP	 Costo
1011	1012	1.6458203468838186
1010	1012	1.747620596056622
1008	1012	2.5793069175877346
1007	1012	2.9951500783532907
1006	1012	3.410993239118847
1017	1014	4.271546119593973
1005	1012	3.826836399884403
1016	1014	3.2146558326500334
1004	1012	4.242679560649959
1015	1015	2.796234116516257
1003	1012	4.658522721415515
1014	1014	1.041348880548202
1002	1012	5.0743658821810715
1001	1012	5.685385114932969
1012	1012	0.6154898903883189
1009	1012	2.1634637568221784
=========================

Tempo:495018.03466666664
Destinazione	 NEXTHOP	 Costo
1011	1012	1.6458203468838186
1010	1012	1.747620596056622
1008	1012	2.5793069175877346
1007	1012	2.9951500783532907
1006	1012	3.410993239118847
1017	1014	4.271546119593973
1005	1012	3.826836399884403
1016	1014	3.2146558326500334
1004	1012	4.242679560649959
1015	1015	2.796234116516257
1003	1012	4.658522721415515
1014	1014	1.041348880548202
1002	1012	5.0743658821810715
1001	1012	5.685385114932969
1012	1012	0.9206589198090446
1009	1012	2.1634637568221784
=========================

Tempo:495018.03466666664
Destinazione	 NEXTHOP	 Costo
1011	1012	1.6458203468838186
1010	1012	1.747620596056622
1008	1012	2.5793069175877346
1007	1012	2.9951500783532907
1006	1012	3.410993239118847
1017	1014	3.9382615068949716
1005	1012	3.826836399884403
1016	1014	3.040107865824368
1004	1012	4.242679560649959
1015	1014	1.1903364180854756
1003	1012	4.658522721415515
1014	1014	0.7080642678492014
1002	1012	5.0743658821810715
1001	1012	5.685385114932969
1012	1012	0.9206589198090446
1009	1012	2.1634637568221784
=========================

Tempo:495018.03466666664
Destinazione	 NEXTHOP	 Costo
1011	1012	1.6458203468838186
1010	1012	1.747620596056622
1008	1012	2.5793069175877346
1007	1012	2.9951500783532907
1006	1012	3.410993239118847
1017	1014	3.9382615068949716
1005	1012	3.826836399884403
1016	1015	3.0084477984226603
1004	1012	4.242679560649959
1015	1015	2.2724541270128977
1003	1012	4.658522721415515
1014	1014	0.7080642678492014
1002	1012	5.0743658821810715
1001	1012	5.685385114932969
1012	1012	0.9206589198090446
1009	1012	2.1634637568221784
=========================

Tempo:500018.03466666664
Destinazione	 NEXTHOP	 Costo
1011	1012	1.6458203468838186
1010	1012	1.747620596056622
1008	1012	2.5793069175877346
1007	1012	2.9951500783532907
1006	1012	3.410993239118847
1017	1014	3.9382615068949716
1005	1012	3.826836399884403
1016	1015	3.0084477984226603
1004	1012	4.242679560649959
1015	1015	2.2724541270128977
1003	1012	4.658522721415515
1014	1014	0.7080642678492014
1002	1012	5.0743658821810715
1001	1012	5.685385114932969
1012	1012	1.133344920101887
1009	1012	2.1634637568221784
=========================

Tempo:500018.03466666664
Destinazione	 NEXTHOP	 Costo
1011	1012	1.6458203468838186
1010	1012	1.747620596056622
1008	1012	2.5793069175877346
1007	1012	2.9951500783532907
1006	1012	3.410993239118847
1017	1014	3.763736909887141
1005	1012	3.826836399884403
1016	1015	3.0084477984226603
1004	1012	4.242679560649959
1015	1014	1.0005925054315523
1003	1012	4.658522721415515
1014	1014	0.5335396708413706
1002	1012	5.0743658821810715
1001	1012	5.685385114932969
1012	1012	1.133344920101887
1009	1012	2.1634637568221784
=========================

Tempo:500018.03466666664
Destinazione	 NEXTHOP	 Costo
1011	1012	1.6458203468838186
1010	1012	1.747620596056622
1008	1012	2.5793069175877346
1007	1012	2.9951500783532907
1006	1012	3.410993239118847
1017	1014	3.763736909887141
1005	1012	3.826836399884403
1016	1015	3.0084477984226603
1004	1012	4.242679560649959
1015	1015	2.007480114332622
1003	1012	4.658522721415515
1014	1014	0.5335396708413706
1002	1012	5.0743658821810715
1001	1012	5.685385114932969
1012	1012	1.133344920101887
1009	1012	2.1634637568221784
=========================

Tempo:505018.03466666664
Destinazione	 NEXTHOP	 Costo
1011	1012	1.6458203468838186
1010	1012	1.747620596056622
1008	1012	2.5793069175877346
1007	1012	2.9951500783532907
1006	1012	3.410993239118847
1017	1014	3.763736909887141
1005	1012	3.826836399884403
1016	1015	3.0084477984226603
1004	1012	4.242679560649959
1015	1015	2.007480114332622
1003	1012	4.658522721415515
1014	1014	0.5335396708413706
1002	1012	5.0743658821810715
1001	1012	5.685385114932969
1012	1012	1.1366610482579977
1009	1012	2.1634637568221784
=========================

Tempo:505018.03466666664
Destinazione	 NEXTHOP	 Costo
1011	1012	1.6458203468838186
1010	1012	1.747620596056622
1008	1012	2.5793069175877346
1007	1012	2.9951500783532907
1006	1012	3.410993239118847
1017	1014	3.7540287707548945
1005	1012	3.826836399884403
1016	1015	3.0084477984226603
1004	1012	4.242679560649959
1015	1014	0.9971425942515721
1003	1012	4.658522721415515
1014	1014	0.5238315317091244
1002	1012	5.0743658821810715
1001	1012	5.685385114932969
1012	1012	1.1366610482579977
1009	1012	2.1634637568221784
=========================

Tempo:505018.03466666664
Destinazione	 NEXTHOP	 Costo
1011	1012	1.6458203468838186
1010	1012	1.747620596056622
1008	1012	2.5793069175877346
1007	1012	2.9951500783532907
1006	1012	3.410993239118847
1017	1014	3.7540287707548945
1005	1012	3.826836399884403
1016	1015	3.0084477984226603
1004	1012	4.242679560649959
1015	1015	2.0457087165655086
1003	1012	4.658522721415515
1014	1014	0.5238315317091244
1002	1012	5.0743658821810715
1001	1012	5.685385114932969
1012	1012	1.1366610482579977
1009	1012	2.1634637568221784
=========================

Tempo:510018.03466666664
Destinazione	 NEXTHOP	 Costo
1011	1012	1.6458203468838186
1010	1012	1.747620596056622
1008	1012	2.5793069175877346
1007	1012	2.9951500783532907
1006	1012	3.410993239118847
1017	1014	3.7540287707548945
1005	1012	3.826836399884403
1016	1015	3.0084477984226603
1004	1012	4.242679560649959
1015	1015	2.0457087165655086
1003	1012	4.658522721415515
1014	1014	0.5238315317091244
1002	1012	5.0743658821810715
1001	1012	5.685385114932969
1012	1012	1.1401575250636495
1009	1012	2.1634637568221784
=========================

Tempo:510018.03466666664
Destinazione	 NEXTHOP	 Costo
1011	1012	1.6458203468838186
1010	1012	1.747620596056622
1008	1012	2.5793069175877346
1007	1012	2.9951500783532907
1006	1012	3.410993239118847
1017	1014	3.753901476868518
1005	1012	3.826836399884403
1016	1015	3.0084477984226603
1004	1012	4.242679560649959
1015	1014	1.0220896071042838
1003	1012	4.658522721415515
1014	1014	0.5237042378227477
1002	1012	5.0743658821810715
1001	1012	5.685385114932969
1012	1012	1.1401575250636495
1009	1012	2.1634637568221784
=========================

Tempo:510018.03466666664
Destinazione	 NEXTHOP	 Costo
1011	1012	1.6458203468838186
1010	1012	1.747620596056622
1008	1012	2.5793069175877346
1007	1012	2.9951500783532907
1006	1012	3.410993239118847
1017	1014	3.753901476868518
1005	1012	3.826836399884403
1016	1015	3.0084477984226603
1004	1012	4.242679560649959
1015	1015	2.345803225280719
1003	1012	4.658522721415515
1014	1014	0.5237042378227477
1002	1012	5.0743658821810715
1001	1012	5.685385114932969
1012	1012	1.1401575250636495
1009	1012	2.1634637568221784
=========================

Tempo:515018.03466666664
Destinazione	 NEXTHOP	 Costo
1011	1012	1.6458203468838186
1010	1012	1.747620596056622
1008	1012	2.5793069175877346
1007	1012	2.9951500783532907
1006	1012	3.410993239118847
1017	1014	3.753901476868518
1005	1012	3.826836399884403
1016	1015	3.0084477984226603
1004	1012	4.242679560649959
1015	1015	2.345803225280719
1003	1012	4.658522721415515
1014	1014	0.5237042378227477
1002	1012	5.0743658821810715
1001	1012	5.685385114932969
1012	1012	1.1428077377935673
1009	1012	2.1634637568221784
=========================

Tempo:515018.03466666664
Destinazione	 NEXTHOP	 Costo
1011	1012	1.6458203468838186
1010	1012	1.747620596056622
1008	1012	2.5793069175877346
1007	1012	2.9951500783532907
1006	1012	3.410993239118847
1017	1014	3.753901476868518
1005	1012	3.826836399884403
1016	1015	3.0084477984226603
1004	1012	4.242679560649959
1015	1014	1.2038671369326033
1003	1012	4.658522721415515
1014	1014	0.5327838009013826
1002	1012	5.0743658821810715
1001	1012	5.685385114932969
1012	1012	1.1428077377935673
1009	1012	2.1634637568221784
=========================

Tempo:515018.03466666664
Destinazione	 NEXTHOP	 Costo
1011	1012	1.6458203468838186
1010	1012	1.747620596056622
1008	1012	2.5793069175877346
1007	1012	2.9951500783532907
1006	1012	3.410993239118847
1017	1014	3.753901476868518
1005	1012	3.826836399884403
1016	1015	3.0084477984226603
1004	1012	4.242679560649959
1015	1015	2.904665289296119
1003	1012	4.658522721415515
1014	1014	0.5327838009013826
1002	1012	5.0743658821810715
1001	1012	5.685385114932969
1012	1012	1.1428077377935673
1009	1012	2.1634637568221784
=========================

Tempo:520018.03466666664
Destinazione	 NEXTHOP	 Costo
1011	1012	1.6458203468838186
1010	1012	1.747620596056622
1008	1012	2.5793069175877346
1007	1012	2.9951500783532907
1006	1012	3.410993239118847
1017	1014	3.753901476868518
1005	1012	3.826836399884403
1016	1015	3.0084477984226603
1004	1012	4.242679560649959
1015	1015	2.904665289296119
1003	1012	4.658522721415515
1014	1014	0.5327838009013826
1002	1012	5.0743658821810715
1001	1012	5.685385114932969
1012	1012	1.1440687761410016
1009	1012	2.1634637568221784
=========================

Tempo:520018.03466666664
Destinazione	 NEXTHOP	 Costo
1011	1012	1.6458203468838186
1010	1012	1.747620596056622
1008	1012	2.5793069175877346
1007	1012	2.9951500783532907
1018	1014	6.601623920692902
1006	1012	3.410993239118847
1017	1014	3.753901476868518
1005	1012	3.826836399884403
1016	1015	3.0084477984226603
1004	1012	4.242679560649959
1015	1014	1.6163973975743433
1003	1012	4.658522721415515
1014	1014	0.6189542374805667
1002	1012	5.0743658821810715
1001	1012	5.685385114932969
1012	1012	1.1440687761410016
1009	1012	2.1634637568221784
=========================

Tempo:520018.03466666664
Destinazione	 NEXTHOP	 Costo
1011	1012	1.6458203468838186
1010	1012	1.747620596056622
1008	1012	2.5793069175877346
1007	1012	2.9951500783532907
1018	1015	6.364077334717027
1006	1012	3.410993239118847
1017	1014	3.753901476868518
1005	1012	3.826836399884403
1016	1015	3.0084477984226603
1004	1012	4.242679560649959
1015	1015	3.1338800956712576
1003	1012	4.658522721415515
1014	1014	0.6189542374805667
1002	1012	5.0743658821810715
1001	1012	5.685385114932969
1012	1012	1.1440687761410016
1009	1012	2.1634637568221784
=========================

Tempo:525018.0346666666
Destinazione	 NEXTHOP	 Costo
1011	1012	1.6458203468838186
1010	1012	1.747620596056622
1008	1012	2.5793069175877346
1007	1012	2.9951500783532907
1018	1015	6.364077334717027
1006	1012	3.410993239118847
1017	1014	3.753901476868518
1005	1012	3.826836399884403
1016	1015	3.0084477984226603
1004	1012	4.242679560649959
1015	1015	3.1338800956712576
1003	1012	4.658522721415515
1014	1014	0.6189542374805667
1002	1012	5.0743658821810715
1001	1012	5.685385114932969
1012	1012	1.1421081031218883
1009	1012	2.1634637568221784
=========================

Tempo:525018.0346666666
Destinazione	 NEXTHOP	 Costo
1011	1012	1.6458203468838186
1010	1012	1.747620596056622
1008	1012	2.5793069175877346
1007	1012	2.9951500783532907
1018	1014	5.197353612435519
1006	1012	3.410993239118847
1017	1014	3.753901476868518
1005	1012	3.826836399884403
1016	1015	3.0084477984226603
1004	1012	4.242679560649959
1015	1014	1.9671563733897486
1003	1012	4.658522721415515
1014	1014	0.9258074928415465
1002	1012	5.0743658821810715
1001	1012	5.685385114932969
1012	1012	1.1421081031218883
1009	1012	2.1634637568221784
=========================

Tempo:525018.0346666666
Destinazione	 NEXTHOP	 Costo
1011	1012	1.6458203468838186
1010	1012	1.747620596056622
1008	1012	2.5793069175877346
1007	1012	2.9951500783532907
1018	1014	5.197353612435519
1006	1012	3.410993239118847
1017	1014	3.753901476868518
1005	1012	3.826836399884403
1016	1015	3.0084477984226603
1004	1012	4.242679560649959
1015	1015	3.1112363114809023
1003	1012	4.658522721415515
1014	1014	0.9258074928415465
1002	1012	5.0743658821810715
1001	1012	5.685385114932969
1012	1012	1.1421081031218883
1009	1012	2.1634637568221784
=========================

Tempo:530018.0346666666
Destinazione	 NEXTHOP	 Costo
1011	1012	1.6458203468838186
1010	1012	1.747620596056622
1008	1012	2.5793069175877346
1007	1012	2.9951500783532907
1018	1014	5.197353612435519
1006	1012	3.410993239118847
1017	1014	3.753901476868518
1005	1012	3.826836399884403
1016	1015	3.0084477984226603
1004	1012	4.242679560649959
1015	1015	3.1112363114809023
1003	1012	4.658522721415515
1014	1014	0.9258074928415465
1002	1012	5.0743658821810715
1001	1012	5.685385114932969
1012	1012	1.1345236773784806
1009	1012	2.1634637568221784
=========================

Tempo:530018.0346666666
Destinazione	 NEXTHOP	 Costo
1011	1012	1.6458203468838186
1010	1012	1.747620596056622
1008	1012	2.5793069175877346
1007	1012	2.9951500783532907
1018	1014	5.071562241751829
1006	1012	3.410993239118847
1017	1014	3.753901476868518
1005	1012	3.826836399884403
1016	1015	3.0084477984226603
1004	1012	4.242679560649959
1015	1014	1.8413650027060595
1003	1012	4.658522721415515
1014	1014	1.133300734856858
1002	1012	5.0743658821810715
1001	1012	5.685385114932969
1012	1012	1.1345236773784806
1009	1012	2.1634637568221784
=========================

Tempo:530018.0346666666
Destinazione	 NEXTHOP	 Costo
1011	1012	1.6458203468838186
1010	1012	1.747620596056622
1008	1012	2.5793069175877346
1007	1012	2.9951500783532907
1018	1014	5.071562241751829
1006	1012	3.410993239118847
1017	1014	3.753901476868518
1005	1012	3.826836399884403
1016	1015	3.0084477984226603
1004	1012	4.242679560649959
1015	1015	3.0934867984146863
1003	1012	4.658522721415515
1014	1014	1.133300734856858
1002	1012	5.0743658821810715
1001	1012	5.685385114932969
1012	1012	1.1345236773784806
1009	1012	2.1634637568221784
=========================

Tempo:535018.0346666666
Destinazione	 NEXTHOP	 Costo
1011	1012	1.6458203468838186
1010	1012	1.747620596056622
1008	1012	2.5793069175877346
1007	1012	2.9951500783532907
1018	1014	5.071562241751829
1006	1012	3.410993239118847
1017	1014	3.753901476868518
1005	1012	3.826836399884403
1016	1015	3.0084477984226603
1004	1012	4.242679560649959
1015	1015	3.0934867984146863
1003	1012	4.658522721415515
1014	1014	1.133300734856858
1002	1012	5.0743658821810715
1001	1012	5.685385114932969
1012	1012	1.1252427799675087
1009	1012	2.1634637568221784
=========================

Tempo:535018.0346666666
Destinazione	 NEXTHOP	 Costo
1011	1012	1.6458203468838186
1010	1012	1.747620596056622
1008	1012	2.5793069175877346
1007	1012	2.9951500783532907
1018	1014	4.887871346669097
1006	1012	3.410993239118847
1017	1014	3.753901476868518
1005	1012	3.826836399884403
1016	1015	3.0084477984226603
1004	1012	4.242679560649959
1015	1014	1.6576741076233263
1003	1012	4.658522721415515
1014	1014	1.1241344367819557
1002	1012	5.0743658821810715
1001	1012	5.685385114932969
1012	1012	1.1252427799675087
1009	1012	2.1634637568221784
=========================

Tempo:535018.0346666666
Destinazione	 NEXTHOP	 Costo
1011	1012	1.6458203468838186
1010	1012	1.747620596056622
1008	1012	2.5793069175877346
1007	1012	2.9951500783532907
1018	1014	4.887871346669097
1006	1012	3.410993239118847
1017	1014	3.753901476868518
1005	1012	3.826836399884403
1016	1015	3.0084477984226603
1004	1012	4.242679560649959
1015	1015	3.0863845475574205
1003	1012	4.658522721415515
1014	1014	1.1241344367819557
1002	1012	5.0743658821810715
1001	1012	5.685385114932969
1012	1012	1.1252427799675087
1009	1012	2.1634637568221784
=========================

Tempo:540018.0346666666
Destinazione	 NEXTHOP	 Costo
1011	1012	1.6458203468838186
1010	1012	1.747620596056622
1008	1012	2.5793069175877346
1007	1012	2.9951500783532907
1018	1014	4.887871346669097
1006	1012	3.410993239118847
1017	1014	3.753901476868518
1005	1012	3.826836399884403
1016	1015	3.0084477984226603
1004	1012	4.242679560649959
1015	1015	3.0863845475574205
1003	1012	4.658522721415515
1014	1014	1.1241344367819557
1002	1012	5.0743658821810715
1001	1012	5.685385114932969
1012	1012	1.1164282534057517
1009	1012	2.1634637568221784
=========================

Tempo:540018.0346666666
Destinazione	 NEXTHOP	 Costo
1011	1012	1.6458203468838186
1010	1012	1.747620596056622
1008	1012	2.5793069175877346
1007	1012	2.9951500783532907
1018	1014	4.8694533323209415
1006	1012	3.410993239118847
1017	1014	3.753901476868518
1005	1012	3.826836399884403
1016	1015	3.0084477984226603
1004	1012	4.242679560649959
1015	1014	1.6392560932751714
1003	1012	4.658522721415515
1014	1014	1.115424561566047
1002	1012	5.0743658821810715
1001	1012	5.685385114932969
1012	1012	1.1164282534057517
1009	1012	2.1634637568221784
=========================

Tempo:540018.0346666666
Destinazione	 NEXTHOP	 Costo
1011	1012	1.6458203468838186
1010	1012	1.747620596056622
1008	1012	2.5793069175877346
1007	1012	2.9951500783532907
1018	1014	4.8694533323209415
1006	1012	3.410993239118847
1017	1014	3.753901476868518
1005	1012	3.826836399884403
1004	1012	4.242679560649959
1015	1014	1.6392560932751714
1003	1012	4.658522721415515
1014	1014	1.115424561566047
1002	1012	5.0743658821810715
1001	1012	5.685385114932969
1012	1012	1.1164282534057517
1009	1012	2.1634637568221784
=========================

Tempo:545018.0346666666
Destinazione	 NEXTHOP	 Costo
1011	1012	1.6458203468838186
1010	1012	1.747620596056622
1008	1012	2.5793069175877346
1007	1012	2.9951500783532907
1018	1014	4.8694533323209415
1006	1012	3.410993239118847
1017	1014	3.753901476868518
1005	1012	3.826836399884403
1016	1012	4.868339503720326
1004	1012	4.242679560649959
1015	1014	1.6392560932751714
1003	1012	4.658522721415515
1014	1014	1.115424561566047
1002	1012	5.0743658821810715
1001	1012	5.685385114932969
1012	1012	1.1144380268518075
1009	1012	2.1634637568221784
=========================

Tempo:545018.0346666666
Destinazione	 NEXTHOP	 Costo
1011	1012	1.6458203468838186
1010	1012	1.747620596056622
1008	1012	2.5793069175877346
1007	1012	2.9951500783532907
1018	1014	4.8673696899334455
1006	1012	3.410993239118847
1017	1014	3.753901476868518
1005	1012	3.826836399884403
1016	1014	3.459271438345647
1004	1012	4.242679560649959
1015	1014	1.6371724508876755
1003	1012	4.658522721415515
1014	1014	1.1134682130649278
1002	1012	5.0743658821810715
1001	1012	5.685385114932969
1012	1012	1.1144380268518075
1009	1012	2.1634637568221784
=========================

Tempo:545018.0346666666
Destinazione	 NEXTHOP	 Costo
1011	1012	1.6458203468838186
1010	1012	1.747620596056622
1008	1012	2.5793069175877346
1007	1012	2.9951500783532907
1018	1014	4.8673696899334455
1006	1012	3.410993239118847
1017	1014	3.753901476868518
1005	1012	3.826836399884403
1016	1014	3.459271438345647
1004	1012	4.242679560649959
1015	1014	1.6371724508876755
1003	1012	4.658522721415515
1014	1014	1.1134682130649278
1002	1012	5.0743658821810715
1001	1012	5.685385114932969
1012	1012	1.1144380268518075
1009	1012	2.1634637568221784
=========================

Tempo:550018.0346666666
Destinazione	 NEXTHOP	 Costo
1011	1012	1.6458203468838186
1010	1012	1.747620596056622
1008	1012	2.5793069175877346
1007	1012	2.9951500783532907
1018	1014	4.8673696899334455
1006	1012	3.410993239118847
1017	1014	3.753901476868518
1005	1012	3.826836399884403
1016	1014	3.459271438345647
1004	1012	4.242679560649959
1015	1014	1.6371724508876755
1003	1012	4.658522721415515
1014	1014	1.1134682130649278
1002	1012	5.0743658821810715
1001	1012	5.685385114932969
1012	1012	1.1125146986694243
1009	1012	2.1634637568221784
=========================

Tempo:550018.0346666666
Destinazione	 NEXTHOP	 Costo
1011	1012	1.6458203468838186
1010	1012	1.747620596056622
1008	1012	2.5793069175877346
1007	1012	2.9951500783532907
1018	1014	4.86547855304903
1006	1012	3.410993239118847
1017	1014	3.753901476868518
1005	1012	3.826836399884403
1016	1014	3.459271438345647
1004	1012	4.242679560649959
1015	1014	1.6371724508876755
1003	1012	4.658522721415515
1014	1014	1.1115770761805124
1002	1012	5.0743658821810715
1001	1012	5.685385114932969
1012	1012	1.1125146986694243
1009	1012	2.1634637568221784
=========================

Tempo:550018.0346666666
Destinazione	 NEXTHOP	 Costo
1011	1012	1.6458203468838186
1010	1012	1.747620596056622
1008	1012	2.5793069175877346
1007	1012	2.9951500783532907
1018	1014	4.86547855304903
1006	1012	3.410993239118847
1017	1014	3.753901476868518
1005	1012	3.826836399884403
1016	1014	3.459271438345647
1004	1012	4.242679560649959
1015	1014	1.6371724508876755
1003	1012	4.658522721415515
1014	1014	1.1115770761805124
1002	1012	5.0743658821810715
1001	1012	5.685385114932969
1012	1012	1.1125146986694243
1009	1012	2.1634637568221784
=========================

Tempo:555018.0346666666
Destinazione	 NEXTHOP	 Costo
1011	1012	1.6458203468838186
1010	1012	1.747620596056622
1008	1012	2.5793069175877346
1007	1012	2.9951500783532907
1018	1014	4.86547855304903
1006	1012	3.410993239118847
1017	1014	3.753901476868518
1005	1012	3.826836399884403
1016	1014	3.459271438345647
1004	1012	4.242679560649959
1015	1014	1.6371724508876755
1003	1012	4.658522721415515
1014	1014	1.1115770761805124
1002	1012	5.0743658821810715
1001	1012	5.685385114932969
1012	1012	1.1106549515839794
1009	1012	2.1634637568221784
=========================

Tempo:555018.0346666666
Destinazione	 NEXTHOP	 Costo
1011	1012	1.6458203468838186
1010	1012	1.747620596056622
1008	1012	2.5793069175877346
1019	1014	7.473825278501138
1007	1012	2.9951500783532907
1018	1014	4.863649420652629
1006	1012	3.410993239118847
1017	1014	3.753901476868518
1005	1012	3.826836399884403
1016	1014	3.459271438345647
1004	1012	4.242679560649959
1015	1014	1.6371724508876755
1003	1012	4.658522721415515
1014	1014	1.109747943784111
1002	1012	5.0743658821810715
1001	1012	5.685385114932969
1012	1012	1.1106549515839794
1009	1012	2.1634637568221784
=========================

Tempo:560018.0346666666
Destinazione	 NEXTHOP	 Costo
1011	1012	1.6458203468838186
1010	1012	1.747620596056622
1008	1012	2.5793069175877346
1019	1014	7.473825278501138
1007	1012	2.9951500783532907
1018	1014	4.863649420652629
1006	1012	3.410993239118847
1017	1014	3.753901476868518
1005	1012	3.826836399884403
1016	1014	3.459271438345647
1004	1012	4.242679560649959
1015	1014	1.6371724508876755
1003	1012	4.658522721415515
1014	1014	1.109747943784111
1002	1012	5.0743658821810715
1001	1012	5.685385114932969
1012	1012	1.108855684078549
1009	1012	2.1634637568221784
=========================

Tempo:560018.0346666666
Destinazione	 NEXTHOP	 Costo
1011	1012	1.6458203468838186
1010	1012	1.747620596056622
1008	1012	2.5793069175877346
1019	1014	6.30533142809408
1007	1012	2.9951500783532907
1018	1014	4.861879292527079
1006	1012	3.410993239118847
1017	1014	3.753901476868518
1005	1012	3.826836399884403
1016	1014	3.459271438345647
1004	1012	4.242679560649959
1015	1014	1.6371724508876755
1003	1012	4.658522721415515
1014	1014	1.107977815658561
1002	1012	5.0743658821810715
1001	1012	5.685385114932969
1012	1012	1.108855684078549
1009	1012	2.1634637568221784
=========================

Tempo:565018.0346666666
Destinazione	 NEXTHOP	 Costo
1011	1012	1.6458203468838186
1010	1012	1.747620596056622
1008	1012	2.5793069175877346
1019	1014	6.30533142809408
1007	1012	2.9951500783532907
1018	1014	4.861879292527079
1006	1012	3.410993239118847
1017	1014	3.753901476868518
1005	1012	3.826836399884403
1016	1014	3.459271438345647
1004	1012	4.242679560649959
1015	1014	1.6371724508876755
1003	1012	4.658522721415515
1014	1014	1.107977815658561
1002	1012	5.0743658821810715
1001	1012	5.685385114932969
1012	1012	1.1071139931332925
1009	1012	2.1634637568221784
=========================

Tempo:565018.0346666666
Destinazione	 NEXTHOP	 Costo
1011	1012	1.6458203468838186
1010	1012	1.747620596056622
1008	1012	2.5793069175877346
1019	1014	6.177826123828508
1007	1012	2.9951500783532907
1018	1014	4.860165358945197
1006	1012	3.410993239118847
1017	1014	3.753901476868518
1005	1012	3.826836399884403
1016	1014	3.459271438345647
1004	1012	4.242679560649959
1015	1014	1.6371724508876755
1003	1012	4.658522721415515
1014	1014	1.106263882076679
1002	1012	5.0743658821810715
1001	1012	5.685385114932969
1012	1012	1.1071139931332925
1009	1012	2.1634637568221784
=========================

Tempo:570018.0346666666
Destinazione	 NEXTHOP	 Costo
1011	1012	1.6458203468838186
1010	1012	1.747620596056622
1008	1012	2.5793069175877346
1019	1014	6.177826123828508
1007	1012	2.9951500783532907
1018	1014	4.860165358945197
1006	1012	3.410993239118847
1017	1014	3.753901476868518
1005	1012	3.826836399884403
1016	1014	3.459271438345647
1004	1012	4.242679560649959
1015	1014	1.6371724508876755
1003	1012	4.658522721415515
1014	1014	1.106263882076679
1002	1012	5.0743658821810715
1001	1012	5.685385114932969
1012	1012	1.1054271585957605
1009	1012	2.1634637568221784
=========================

Tempo:570018.0346666666
Destinazione	 NEXTHOP	 Costo
1011	1012	1.6458203468838186
1010	1012	1.747620596056622
1008	1012	2.5793069175877346
1019	1014	5.992474855588328
1007	1012	2.9951500783532907
1018	1014	4.858504985787749
1006	1012	3.410993239118847
1017	1014	3.753901476868518
1005	1012	3.826836399884403
1016	1014	3.459271438345647
1004	1012	4.242679560649959
1015	1014	1.6371724508876755
1003	1012	4.658522721415515
1014	1014	1.1046035089192312
1002	1012	5.0743658821810715
1001	1012	5.685385114932969
1012	1012	1.1054271585957605
1009	1012	2.1634637568221784
=========================

Tempo:575018.0346666666
Destinazione	 NEXTHOP	 Costo
1011	1012	1.6458203468838186
1010	1012	1.747620596056622
1008	1012	2.5793069175877346
1019	1014	5.992474855588328
1007	1012	2.9951500783532907
1018	1014	4.858504985787749
1006	1012	3.410993239118847
1017	1014	3.753901476868518
1005	1012	3.826836399884403
1016	1014	3.459271438345647
1004	1012	4.242679560649959
1015	1014	1.6371724508876755
1003	1012	4.658522721415515
1014	1014	1.1046035089192312
1002	1012	5.0743658821810715
1001	1012	5.685385114932969
1012	1012	1.1037926290051285
1009	1012	2.1634637568221784
=========================

Tempo:575018.0346666666
Destinazione	 NEXTHOP	 Costo
1011	1012	1.6458203468838186
1010	1012	1.747620596056622
1008	1012	2.5793069175877346
1019	1014	5.97244755648757
1007	1012	2.9951500783532907
1018	1014	4.856895701035146
1006	1012	3.410993239118847
1017	1014	3.753901476868518
1005	1012	3.826836399884403
1016	1014	2.7422503174417994
1004	1012	4.242679560649959
1015	1014	1.6371724508876755
1003	1012	4.658522721415515
1014	1014	1.1029942241666277
1002	1012	5.0743658821810715
1001	1012	5.685385114932969
1012	1012	1.1037926290051285
1009	1012	2.1634637568221784
=========================

Tempo:580018.0346666666
Destinazione	 NEXTHOP	 Costo
1011	1012	1.6458203468838186
1010	1012	1.747620596056622
1008	1012	2.5793069175877346
1019	1014	5.97244755648757
1007	1012	2.9951500783532907
1018	1014	4.856895701035146
1006	1012	3.410993239118847
1017	1014	3.753901476868518
1005	1012	3.826836399884403
1016	1014	2.7422503174417994
1004	1012	4.242679560649959
1015	1014	1.6371724508876755
1003	1012	4.658522721415515
1014	1014	1.1029942241666277
1002	1012	5.0743658821810715
1001	1012	5.685385114932969
1012	1012	1.1022080087149626
1009	1012	2.1634637568221784
=========================

Tempo:580018.0346666666
Destinazione	 NEXTHOP	 Costo
1011	1012	1.6458203468838186
1010	1012	1.747620596056622
1008	1012	2.5793069175877346
1019	1014	5.968803395552094
1007	1012	2.9951500783532907
1018	1014	4.855335182487167
1006	1012	3.410993239118847
1017	1014	3.753901476868518
1005	1012	3.826836399884403
1016	1014	2.738606156506324
1004	1012	4.242679560649959
1015	1014	1.6371724508876755
1003	1012	4.658522721415515
1014	1014	1.1014337056186485
1002	1012	5.0743658821810715
1001	1012	5.685385114932969
1012	1012	1.1022080087149626
1009	1012	2.1634637568221784
=========================

Tempo:585018.0346666666
Destinazione	 NEXTHOP	 Costo
1011	1012	1.6458203468838186
1010	1012	1.747620596056622
1008	1012	2.5793069175877346
1019	1014	5.968803395552094
1007	1012	2.9951500783532907
1018	1014	4.855335182487167
1006	1012	3.410993239118847
1017	1014	3.753901476868518
1005	1012	3.826836399884403
1016	1014	2.738606156506324
1004	1012	4.242679560649959
1015	1014	1.6371724508876755
1003	1012	4.658522721415515
1014	1014	1.1014337056186485
1002	1012	5.0743658821810715
1001	1012	5.685385114932969
1012	1012	1.1022080087149626
1009	1012	2.1634637568221784
=========================

Tempo:585018.0346666666
Destinazione	 NEXTHOP	 Costo
1011	1012	1.6458203468838186
1010	1012	1.747620596056622
1008	1012	2.5793069175877346
1019	1014	5.968803395552094
1007	1012	2.9951500783532907
1018	1014	4.855335182487167
1006	1012	3.410993239118847
1017	1014	3.753901476868518
1005	1012	3.826836399884403
1016	1014	2.738606156506324
1004	1012	4.242679560649959
1015	1014	1.6371724508876755
1003	1012	4.658522721415515
1014	1014	1.1014337056186485
1002	1012	5.0743658821810715
1001	1012	5.685385114932969
1012	1012	1.1006710461778846
1009	1012	2.1634637568221784
=========================

Tempo:585018.0346666666
Destinazione	 NEXTHOP	 Costo
1011	1012	1.6458203468838186
1010	1012	1.747620596056622
1008	1012	2.5793069175877346
1019	1014	5.965398322762923
1007	1012	2.9951500783532907
1018	1014	4.85382124658241
1006	1012	3.410993239118847
1017	1014	3.753901476868518
1005	1012	3.826836399884403
1016	1014	2.737092220601568
1004	1012	4.242679560649959
1015	1014	1.6371724508876755
1003	1012	4.658522721415515
1014	1014	1.0999197697138927
1002	1012	5.0743658821810715
1001	1012	5.685385114932969
1012	1012	1.1006710461778846
1009	1012	2.1634637568221784
=========================

Tempo:590018.0346666666
Destinazione	 NEXTHOP	 Costo
1011	1012	1.6458203468838186
1010	1012	1.747620596056622
1008	1012	2.5793069175877346
1019	1014	5.965398322762923
1007	1012	2.9951500783532907
1018	1014	4.85382124658241
1006	1012	3.410993239118847
1017	1014	3.753901476868518
1005	1012	3.826836399884403
1016	1014	2.737092220601568
1004	1012	4.242679560649959
1015	1014	1.6371724508876755
1003	1012	4.658522721415515
1014	1014	1.0999197697138927
1002	1012	5.0743658821810715
1001	1012	5.685385114932969
1012	1012	1.1006710461778846
1009	1012	2.1634637568221784
=========================

Tempo:590018.0346666666
Destinazione	 NEXTHOP	 Costo
1011	1012	1.6062986239460493
1010	1012	1.747620596056622
1008	1012	2.5793069175877346
1019	1014	5.965398322762923
1007	1012	2.9951500783532907
1018	1014	4.85382124658241
1006	1012	3.410993239118847
1017	1014	3.753901476868518
1005	1012	3.826836399884403
1016	1014	2.737092220601568
1004	1012	4.242679560649959
1015	1014	1.6371724508876755
1003	1012	4.658522721415515
1014	1014	1.0999197697138927
1002	1012	5.0743658821810715
1001	1012	5.685385114932969
1012	1012	1.0991796232715432
1009	1012	2.1634637568221784
=========================

Tempo:590018.0346666666
Destinazione	 NEXTHOP	 Costo
1011	1012	1.6062986239460493
1010	1012	1.747620596056622
1020	1014	8.572275639836885
1008	1012	2.5793069175877346
1019	1014	5.9620997819883765
1007	1012	2.9951500783532907
1018	1014	4.852351838204266
1006	1012	3.410993239118847
1017	1014	3.753901476868518
1005	1012	3.826836399884403
1016	1014	2.735622812223423
1004	1012	4.242679560649959
1015	1014	1.6371724508876755
1003	1012	4.658522721415515
1014	1014	1.0984503613357477
1002	1012	5.0743658821810715
1001	1012	5.685385114932969
1012	1012	1.0991796232715432
1009	1012	2.1634637568221784
=========================

Tempo:595018.0346666666
Destinazione	 NEXTHOP	 Costo
1011	1012	1.6062986239460493
1010	1012	1.747620596056622
1020	1014	8.572275639836885
1008	1012	2.5793069175877346
1019	1014	5.9620997819883765
1007	1012	2.9951500783532907
1018	1014	4.852351838204266
1006	1012	3.410993239118847
1017	1014	3.753901476868518
1005	1012	3.826836399884403
1016	1014	2.735622812223423
1004	1012	4.242679560649959
1015	1014	1.6371724508876755
1003	1012	4.658522721415515
1014	1014	1.0984503613357477
1002	1012	5.0743658821810715
1001	1012	5.685385114932969
1012	1012	1.0991796232715432
1009	1012	2.1634637568221784
=========================

Tempo:595018.0346666666
Destinazione	 NEXTHOP	 Costo
1011	1012	1.6057563060428486
1010	1012	1.747620596056622
1020	1014	8.572275639836885
1008	1012	2.5793069175877346
1019	1014	5.9620997819883765
1007	1012	2.9951500783532907
1018	1014	4.852351838204266
1006	1012	3.410993239118847
1017	1014	3.753901476868518
1005	1012	3.826836399884403
1016	1014	2.735622812223423
1004	1012	4.242679560649959
1015	1014	1.6371724508876755
1003	1012	4.658522721415515
1014	1014	1.0984503613357477
1002	1012	5.0743658821810715
1001	1012	5.685385114932969
1012	1012	1.0977317455595408
1009	1012	2.1634637568221784
=========================

Tempo:595018.0346666666
Destinazione	 NEXTHOP	 Costo
1011	1012	1.6057563060428486
1010	1012	1.747620596056622
1020	1014	7.402354972598875
1008	1012	2.5793069175877346
1019	1014	5.958902837031874
1007	1012	2.9951500783532907
1018	1014	4.850925021373313
1006	1012	3.410993239118847
1017	1014	3.753901476868518
1005	1012	3.826836399884403
1016	1014	2.7341959953924704
1004	1012	4.242679560649959
1015	1014	1.6371724508876755
1003	1012	4.658522721415515
1014	1014	1.0970235445047951
1002	1012	5.0743658821810715
1001	1012	5.685385114932969
1012	1012	1.0977317455595408
1009	1012	2.1634637568221784
=========================

Tempo:360018.03466666664
Destinazione	 NEXTHOP	 Costo
1008	1011	2.7476205960566222
1007	1011	3.1634637568221784
1006	1011	3.5793069175877346
1005	1011	3.9951500783532907
1004	1011	4.410993239118847
1003	1011	4.826836399884403
1002	1011	5.242679560649959
1001	1011	5.853698793401857
1012	1011	1.489040573990625
1011	1011	1.0
1010	1011	1.911527407698232
1009	1011	2.567761145526034
=========================

Tempo:360018.03466666664
Destinazione	 NEXTHOP	 Costo
1008	1011	2.7476205960566222
1007	1011	3.1634637568221784
1006	1011	3.5793069175877346
1005	1011	3.9951500783532907
1004	1011	4.410993239118847
1003	1011	4.826836399884403
1002	1011	5.242679560649959
1001	1011	5.853698793401857
1012	1012	0.6839182194860022
1011	1011	1.0
1010	1011	1.911527407698232
1009	1012	2.4315388155426243
=========================

Tempo:365018.03466666664
Destinazione	 NEXTHOP	 Costo
1008	1011	2.7476205960566222
1007	1011	3.1634637568221784
1006	1011	3.5793069175877346
1005	1011	3.9951500783532907
1004	1011	4.410993239118847
1003	1011	4.826836399884403
1002	1011	5.242679560649959
1001	1011	5.853698793401857
1012	1012	0.6839182194860022
1011	1011	1.5678327897201771
1010	1011	1.911527407698232
1009	1012	2.4315388155426243
=========================

Tempo:365018.03466666664
Destinazione	 NEXTHOP	 Costo
1008	1011	2.7476205960566222
1007	1011	3.1634637568221784
1006	1011	3.5793069175877346
1005	1011	3.9951500783532907
1004	1011	4.410993239118847
1003	1011	4.826836399884403
1002	1011	5.242679560649959
1001	1011	5.853698793401857
1012	1012	0.684293188405094
1011	1012	1.170658478591129
1010	1012	1.7849514705000278
1009	1012	2.4315388155426243
=========================

Tempo:370018.03466666664
Destinazione	 NEXTHOP	 Costo
1008	1011	2.7476205960566222
1007	1011	3.1634637568221784
1006	1011	3.5793069175877346
1005	1011	3.9951500783532907
1004	1011	4.410993239118847
1003	1011	4.826836399884403
1002	1011	5.242679560649959
1001	1011	5.853698793401857
1012	1012	0.684293188405094
1011	1011	1.6797113495622755
1010	1012	1.7849514705000278
1009	1012	2.4315388155426243
=========================

Tempo:370018.03466666664
Destinazione	 NEXTHOP	 Costo
1008	1012	2.7207602031510856
1007	1012	3.1366033639166417
1006	1012	3.552446524682198
1005	1012	3.968289685447754
1004	1012	4.38413284621331
1003	1012	4.799976006978866
1002	1012	5.215819167744423
1001	1012	5.82683840049632
1012	1012	0.5572964463289072
1011	1012	1.2497938577503198
1010	1012	1.747620596056622
1009	1012	2.3049170423855294
=========================

Tempo:375018.03466666664
Destinazione	 NEXTHOP	 Costo
1008	1012	2.7207602031510856
1007	1012	3.1366033639166417
1006	1012	3.552446524682198
1005	1012	3.968289685447754
1004	1012	4.38413284621331
1003	1012	4.799976006978866
1002	1012	5.215819167744423
1001	1012	5.82683840049632
1012	1012	0.5572964463289072
1011	1011	1.8557637275385024
1010	1012	1.747620596056622
1009	1012	2.3049170423855294
=========================

Tempo:375018.03466666664
Destinazione	 NEXTHOP	 Costo
1008	1012	2.584175748104779
1007	1012	3.0000189088703353
1006	1012	3.4158620696358915
1005	1012	3.8317052304014476
1004	1012	4.247548391167004
1003	1012	4.66339155193256
1002	1012	5.079234712698116
1001	1012	5.690253945450014
1012	1012	0.4207119912826007
1011	1012	1.41302007431284
1010	1012	1.747620596056622
1009	1012	2.1683325873392225
=========================

Tempo:380018.03466666664
Destinazione	 NEXTHOP	 Costo
1008	1012	2.584175748104779
1007	1012	3.0000189088703353
1006	1012	3.4158620696358915
1005	1012	3.8317052304014476
1004	1012	4.247548391167004
1003	1012	4.66339155193256
1002	1012	5.079234712698116
1001	1012	5.690253945450014
1012	1012	0.4207119912826007
1011	1011	2.170969798412021
1010	1012	1.747620596056622
1009	1012	2.1683325873392225
=========================

Tempo:380018.03466666664
Destinazione	 NEXTHOP	 Costo
1008	1012	2.5793069175877346
1007	1012	2.9951500783532907
1006	1012	3.410993239118847
1005	1012	3.826836399884403
1004	1012	4.242679560649959
1003	1012	4.658522721415515
1002	1012	5.0743658821810715
1001	1012	5.685385114932969
1012	1012	0.41584316076555616
1011	1012	1.486372171100703
1010	1012	1.747620596056622
1009	1012	2.1634637568221784
=========================

Tempo:385018.03466666664
Destinazione	 NEXTHOP	 Costo
1008	1012	2.5793069175877346
1007	1012	2.9951500783532907
1006	1012	3.410993239118847
1005	1012	3.826836399884403
1004	1012	4.242679560649959
1003	1012	4.658522721415515
1002	1012	5.0743658821810715
1001	1012	5.685385114932969
1012	1012	0.41584316076555616
1011	1011	2.442341498385543
1010	1012	1.747620596056622
1009	1012	2.1634637568221784
=========================

Tempo:385018.03466666664
Destinazione	 NEXTHOP	 Costo
1008	1012	2.5793069175877346
1007	1012	2.9951500783532907
1006	1012	3.410993239118847
1005	1012	3.826836399884403
1004	1012	4.242679560649959
1003	1012	4.658522721415515
1002	1012	5.0743658821810715
1001	1012	5.685385114932969
1012	1012	0.4395188195416564
1011	1012	1.525658783394507
1010	1012	1.747620596056622
1009	1012	2.1634637568221784
=========================

Tempo:390018.03466666664
Destinazione	 NEXTHOP	 Costo
1008	1012	2.5793069175877346
1007	1012	2.9951500783532907
1006	1012	3.410993239118847
1005	1012	3.826836399884403
1004	1012	4.242679560649959
1003	1012	4.658522721415515
1002	1012	5.0743658821810715
1001	1012	5.685385114932969
1012	1012	0.4395188195416564
1011	1011	2.369044990398309
1010	1012	1.747620596056622
1009	1012	2.1634637568221784
=========================

Tempo:390018.03466666664
Destinazione	 NEXTHOP	 Costo
1008	1012	2.5793069175877346
1007	1012	2.9951500783532907
1006	1012	3.410993239118847
1005	1012	3.826836399884403
1004	1012	4.242679560649959
1003	1012	4.658522721415515
1002	1012	5.0743658821810715
1001	1012	5.685385114932969
1012	1012	0.4625118556936663
1011	1012	1.3740392633918985
1010	1012	1.747620596056622
1009	1012	2.1634637568221784
=========================

Tempo:390018.03466666664
Destinazione	 NEXTHOP	 Costo
1011	1012	1.3740392633918985
1010	1012	1.747620596056622
1008	1012	2.5793069175877346
1007	1012	2.9951500783532907
1006	1012	3.410993239118847
1005	1012	3.826836399884403
1004	1012	4.242679560649959
1003	1012	4.658522721415515
1014	1014	1.0568902869439392
1002	1012	5.0743658821810715
1001	1012	5.685385114932969
1012	1012	0.4625118556936663
1009	1012	2.1634637568221784
=========================

Tempo:395018.03466666664
Destinazione	 NEXTHOP	 Costo
1011	1011	2.025545059868497
1010	1012	1.747620596056622
1008	1012	2.5793069175877346
1007	1012	2.9951500783532907
1006	1012	3.410993239118847
1005	1012	3.826836399884403
1004	1012	4.242679560649959
1003	1012	4.658522721415515
1014	1014	1.0568902869439392
1002	1012	5.0743658821810715
1001	1012	5.685385114932969
1012	1012	0.4625118556936663
1009	1012	2.1634637568221784
=========================

Tempo:395018.03466666664
Destinazione	 NEXTHOP	 Costo
1011	1012	1.1006582820949338
1010	1012	1.747620596056622
1008	1012	2.5793069175877346
1007	1012	2.9951500783532907
1006	1012	3.410993239118847
1005	1012	3.826836399884403
1004	1012	4.242679560649959
1003	1012	4.658522721415515
1014	1014	1.0568902869439392
1002	1012	5.0743658821810715
1001	1012	5.685385114932969
1012	1012	0.4863652901860349
1009	1012	2.1634637568221784
=========================

Tempo:395018.03466666664
Destinazione	 NEXTHOP	 Costo
1011	1012	1.1006582820949338
1010	1012	1.747620596056622
1008	1012	2.5793069175877346
1007	1012	2.9951500783532907
1006	1012	3.410993239118847
1005	1012	3.826836399884403
1004	1012	4.242679560649959
1003	1012	4.658522721415515
1014	1014	1.0893741353858195
1002	1012	5.0743658821810715
1001	1012	5.685385114932969
1012	1012	0.4863652901860349
1009	1012	2.1634637568221784
=========================

Tempo:400018.03466666664
Destinazione	 NEXTHOP	 Costo
1011	1011	2.2516884503573653
1010	1012	1.747620596056622
1008	1012	2.5793069175877346
1007	1012	2.9951500783532907
1006	1012	3.410993239118847
1005	1012	3.826836399884403
1004	1012	4.242679560649959
1003	1012	4.658522721415515
1014	1014	1.0893741353858195
1002	1012	5.0743658821810715
1001	1012	5.685385114932969
1012	1012	0.4863652901860349
1009	1012	2.1634637568221784
=========================

Tempo:400018.03466666664
Destinazione	 NEXTHOP	 Costo
1011	1012	1.1903241497277148
1010	1012	1.747620596056622
1008	1012	2.5793069175877346
1007	1012	2.9951500783532907
1006	1012	3.410993239118847
1005	1012	3.826836399884403
1004	1012	4.242679560649959
1003	1012	4.658522721415515
1014	1014	1.0893741353858195
1002	1012	5.0743658821810715
1001	1012	5.685385114932969
1012	1012	0.6924974114214126
1009	1012	2.1634637568221784
=========================

Tempo:400018.03466666664
Destinazione	 NEXTHOP	 Costo
1011	1012	1.1903241497277148
1010	1012	1.747620596056622
1008	1012	2.5793069175877346
1007	1012	2.9951500783532907
1006	1012	3.410993239118847
1005	1012	3.826836399884403
1004	1012	4.242679560649959
1003	1012	4.658522721415515
1014	1014	0.8249493898624018
1002	1012	5.0743658821810715
1001	1012	5.685385114932969
1012	1012	0.6924974114214126
1009	1012	2.1634637568221784
=========================

Tempo:405018.03466666664
Destinazione	 NEXTHOP	 Costo
1011	1011	2.7370986479937307
1010	1012	1.747620596056622
1008	1012	2.5793069175877346
1007	1012	2.9951500783532907
1006	1012	3.410993239118847
1005	1012	3.826836399884403
1004	1012	4.242679560649959
1003	1012	4.658522721415515
1014	1014	0.8249493898624018
1002	1012	5.0743658821810715
1001	1012	5.685385114932969
1012	1012	0.6924974114214126
1009	1012	2.1634637568221784
=========================

Tempo:405018.03466666664
Destinazione	 NEXTHOP	 Costo
1011	1012	1.4742475899348446
1010	1012	1.747620596056622
1008	1012	2.5793069175877346
1007	1012	2.9951500783532907
1006	1012	3.410993239118847
1005	1012	3.826836399884403
1004	1012	4.242679560649959
1003	1012	4.658522721415515
1014	1014	0.8249493898624018
1002	1012	5.0743658821810715
1001	1012	5.685385114932969
1012	1012	0.9923080830302393
1009	1012	2.1634637568221784
=========================

Tempo:405018.03466666664
Destinazione	 NEXTHOP	 Costo
1011	1012	1.4742475899348446
1010	1012	1.747620596056622
1008	1012	2.5793069175877346
1007	1012	2.9951500783532907
1006	1012	3.410993239118847
1005	1012	3.826836399884403
1004	1012	4.242679560649959
1003	1012	4.658522721415515
1014	1014	0.5429678982742572
1002	1012	5.0743658821810715
1001	1012	5.685385114932969
1012	1012	0.9923080830302393
1009	1012	2.1634637568221784
=========================

Tempo:410018.03466666664
Destinazione	 NEXTHOP	 Costo
1011	1011	2.8286619187760382
1010	1012	1.747620596056622
1008	1012	2.5793069175877346
1007	1012	2.9951500783532907
1006	1012	3.410993239118847
1005	1012	3.826836399884403
1004	1012	4.242679560649959
1003	1012	4.658522721415515
1014	1014	0.5429678982742572
1002	1012	5.0743658821810715
1001	1012	5.685385114932969
1012	1012	0.9923080830302393
1009	1012	2.1634637568221784
=========================

Tempo:410018.03466666664
Destinazione	 NEXTHOP	 Costo
1011	1012	1.5521904994333067
1010	1012	1.747620596056622
1008	1012	2.5793069175877346
1007	1012	2.9951500783532907
1006	1012	3.410993239118847
1005	1012	3.826836399884403
1004	1012	4.242679560649959
1003	1012	4.658522721415515
1014	1014	0.5429678982742572
1002	1012	5.0743658821810715
1001	1012	5.685385114932969
1012	1012	1.0705290103351468
1009	1012	2.1634637568221784
=========================

Tempo:410018.03466666664
Destinazione	 NEXTHOP	 Costo
1011	1012	1.5521904994333067
1010	1012	1.747620596056622
1008	1012	2.5793069175877346
1007	1012	2.9951500783532907
1006	1012	3.410993239118847
1005	1012	3.826836399884403
1004	1012	4.242679560649959
1003	1012	4.658522721415515
1014	1014	0.4891816954040285
1002	1012	5.0743658821810715
1001	1012	5.685385114932969
1012	1012	1.0705290103351468
1009	1012	2.1634637568221784
=========================

Tempo:415018.03466666664
Destinazione	 NEXTHOP	 Costo
1011	1011	2.834088548034778
1010	1012	1.747620596056622
1008	1012	2.5793069175877346
1007	1012	2.9951500783532907
1006	1012	3.410993239118847
1005	1012	3.826836399884403
1004	1012	4.242679560649959
1003	1012	4.658522721415515
1014	1014	0.4891816954040285
1002	1012	5.0743658821810715
1001	1012	5.685385114932969
1012	1012	1.0705290103351468
1009	1012	2.1634637568221784
=========================

Tempo:415018.03466666664
Destinazione	 NEXTHOP	 Costo
1011	1012	1.5860174976246635
1010	1012	1.747620596056622
1008	1012	2.5793069175877346
1007	1012	2.9951500783532907
1006	1012	3.410993239118847
1005	1012	3.826836399884403
1004	1012	4.242679560649959
1003	1012	4.658522721415515
1014	1014	0.4891816954040285
1002	1012	5.0743658821810715
1001	1012	5.685385114932969
1012	1012	1.0861399638528506
1009	1012	2.1634637568221784
=========================

Tempo:415018.03466666664
Destinazione	 NEXTHOP	 Costo
1011	1012	1.5860174976246635
1010	1012	1.747620596056622
1008	1012	2.5793069175877346
1007	1012	2.9951500783532907
1006	1012	3.410993239118847
1005	1012	3.826836399884403
1004	1012	4.242679560649959
1003	1012	4.658522721415515
1014	1014	0.48904057399062484
1002	1012	5.0743658821810715
1001	1012	5.685385114932969
1012	1012	1.0861399638528506
1009	1012	2.1634637568221784
=========================

Tempo:420018.03466666664
Destinazione	 NEXTHOP	 Costo
1011	1011	2.851910458796252
1010	1012	1.747620596056622
1008	1012	2.5793069175877346
1007	1012	2.9951500783532907
1006	1012	3.410993239118847
1005	1012	3.826836399884403
1004	1012	4.242679560649959
1003	1012	4.658522721415515
1014	1014	0.48904057399062484
1002	1012	5.0743658821810715
1001	1012	5.685385114932969
1012	1012	1.0861399638528506
1009	1012	2.1634637568221784
=========================

Tempo:420018.03466666664
Destinazione	 NEXTHOP	 Costo
1011	1012	1.5677611455260339
1010	1012	1.747620596056622
1008	1012	2.5793069175877346
1007	1012	2.9951500783532907
1006	1012	3.410993239118847
1005	1012	3.826836399884403
1004	1012	4.242679560649959
1003	1012	4.658522721415515
1014	1014	0.48904057399062484
1002	1012	5.0743658821810715
1001	1012	5.685385114932969
1012	1012	0.9115274076982322
1009	1012	2.1634637568221784
=========================

Tempo:420018.03466666664
Destinazione	 NEXTHOP	 Costo
1011	1012	1.5677611455260339
1010	1012	1.747620596056622
1008	1012	2.5793069175877346
1007	1012	2.9951500783532907
1006	1012	3.410993239118847
1005	1012	3.826836399884403
1004	1012	4.242679560649959
1003	1012	4.658522721415515
1014	1014	0.4979796611161938
1002	1012	5.0743658821810715
1001	1012	5.685385114932969
1012	1012	0.9115274076982322
1009	1012	2.1634637568221784
=========================

Tempo:420018.03466666664
Destinazione	 NEXTHOP	 Costo
1011	1012	1.5677611455260339
1010	1012	1.747620596056622
1008	1012	2.5793069175877346
1007	1012	2.9951500783532907
1006	1012	3.410993239118847
1005	1012	3.826836399884403
1004	1012	4.242679560649959
1015	1015	3.043566294254816
1003	1012	4.658522721415515
1014	1014	0.4979796611161938
1002	1012	5.0743658821810715
1001	1012	5.685385114932969
1012	1012	0.9115274076982322
1009	1012	2.1634637568221784
=========================

Tempo:425018.03466666664
Destinazione	 NEXTHOP	 Costo
1011	1011	2.8423322049273763
1010	1012	1.747620596056622
1008	1012	2.5793069175877346
1007	1012	2.9951500783532907
1006	1012	3.410993239118847
1005	1012	3.826836399884403
1004	1012	4.242679560649959
1015	1015	3.043566294254816
1003	1012	4.658522721415515
1014	1014	0.4979796611161938
1002	1012	5.0743658821810715
1001	1012	5.685385114932969
1012	1012	0.9115274076982322
1009	1012	2.1634637568221784
=========================

Tempo:425018.03466666664
Destinazione	 NEXTHOP	 Costo
1011	1012	1.5679551090740491
1010	1012	1.747620596056622
1008	1012	2.5793069175877346
1007	1012	2.9951500783532907
1006	1012	3.410993239118847
1005	1012	3.826836399884403
1004	1012	4.242679560649959
1015	1015	3.043566294254816
1003	1012	4.658522721415515
1014	1014	0.4979796611161938
1002	1012	5.0743658821810715
1001	1012	5.685385114932969
1012	1012	0.6142929919088989
1009	1012	2.1634637568221784
=========================

Tempo:425018.03466666664
Destinazione	 NEXTHOP	 Costo
1011	1012	1.5679551090740491
1010	1012	1.747620596056622
1008	1012	2.5793069175877346
1007	1012	2.9951500783532907
1006	1012	3.410993239118847
1005	1012	3.826836399884403
1004	1012	4.242679560649959
1015	1014	1.567525126794636
1003	1012	4.658522721415515
1014	1014	0.5106348398506969
1002	1012	5.0743658821810715
1001	1012	5.685385114932969
1012	1012	0.6142929919088989
1009	1012	2.1634637568221784
=========================

Tempo:425018.03466666664
Destinazione	 NEXTHOP	 Costo
1011	1012	1.5679551090740491
1010	1012	1.747620596056622
1008	1012	2.5793069175877346
1007	1012	2.9951500783532907
1006	1012	3.410993239118847
1005	1012	3.826836399884403
1004	1012	4.242679560649959
1015	1015	3.0561014233806683
1003	1012	4.658522721415515
1014	1014	0.5106348398506969
1002	1012	5.0743658821810715
1001	1012	5.685385114932969
1012	1012	0.6142929919088989
1009	1012	2.1634637568221784
=========================

Tempo:430018.03466666664
Destinazione	 NEXTHOP	 Costo
1011	1011	2.7339546546370945
1010	1012	1.747620596056622
1008	1012	2.5793069175877346
1007	1012	2.9951500783532907
1006	1012	3.410993239118847
1005	1012	3.826836399884403
1004	1012	4.242679560649959
1015	1015	3.0561014233806683
1003	1012	4.658522721415515
1014	1014	0.5106348398506969
1002	1012	5.0743658821810715
1001	1012	5.685385114932969
1012	1012	0.6142929919088989
1009	1012	2.1634637568221784
=========================

Tempo:430018.03466666664
Destinazione	 NEXTHOP	 Costo
1011	1012	1.4859938100785588
1010	1012	1.747620596056622
1008	1012	2.5793069175877346
1007	1012	2.9951500783532907
1006	1012	3.410993239118847
1005	1012	3.826836399884403
1004	1012	4.242679560649959
1015	1015	3.0561014233806683
1003	1012	4.658522721415515
1014	1014	0.5106348398506969
1002	1012	5.0743658821810715
1001	1012	5.685385114932969
1012	1012	0.49782673830630214
1009	1012	2.1634637568221784
=========================

Tempo:430018.03466666664
Destinazione	 NEXTHOP	 Costo
1011	1012	1.4859938100785588
1010	1012	1.747620596056622
1008	1012	2.5793069175877346
1007	1012	2.9951500783532907
1006	1012	3.410993239118847
1005	1012	3.826836399884403
1004	1012	4.242679560649959
1015	1014	1.8253678067955823
1003	1012	4.658522721415515
1014	1014	0.7359936714097627
1002	1012	5.0743658821810715
1001	1012	5.685385114932969
1012	1012	0.49782673830630214
1009	1012	2.1634637568221784
=========================

Tempo:430018.03466666664
Destinazione	 NEXTHOP	 Costo
1011	1012	1.4859938100785588
1010	1012	1.747620596056622
1008	1012	2.5793069175877346
1007	1012	2.9951500783532907
1006	1012	3.410993239118847
1005	1012	3.826836399884403
1004	1012	4.242679560649959
1015	1015	3.0582140205116914
1003	1012	4.658522721415515
1014	1014	0.7359936714097627
1002	1012	5.0743658821810715
1001	1012	5.685385114932969
1012	1012	0.49782673830630214
1009	1012	2.1634637568221784
=========================

Tempo:360018.03466666664
Destinazione	 NEXTHOP	 Costo
1008	1011	2.7476205960566222
1007	1011	3.1634637568221784
1006	1011	3.5793069175877346
1005	1011	3.9951500783532907
1004	1011	4.410993239118847
1003	1011	4.826836399884403
1002	1011	5.242679560649959
1001	1011	5.853698793401857
1012	1011	1.489040573990625
1011	1011	1.0
1010	1011	1.911527407698232
1009	1011	2.567761145526034
=========================

Tempo:360018.03466666664
Destinazione	 NEXTHOP	 Costo
1008	1011	2.7476205960566222
1007	1011	3.1634637568221784
1006	1011	3.5793069175877346
1005	1011	3.9951500783532907
1004	1011	4.410993239118847
1003	1011	4.826836399884403
1002	1011	5.242679560649959
1001	1011	5.853698793401857
1012	1012	0.6839182194860022
1011	1011	1.0
1010	1011	1.911527407698232
1009	1012	2.4315388155426243
=========================

Tempo:365018.03466666664
Destinazione	 NEXTHOP	 Costo
1008	1011	2.7476205960566222
1007	1011	3.1634637568221784
1006	1011	3.5793069175877346
1005	1011	3.9951500783532907
1004	1011	4.410993239118847
1003	1011	4.826836399884403
1002	1011	5.242679560649959
1001	1011	5.853698793401857
1012	1012	0.6839182194860022
1011	1011	1.5678327897201771
1010	1011	1.911527407698232
1009	1012	2.4315388155426243
=========================

Tempo:365018.03466666664
Destinazione	 NEXTHOP	 Costo
1008	1011	2.7476205960566222
1007	1011	3.1634637568221784
1006	1011	3.5793069175877346
1005	1011	3.9951500783532907
1004	1011	4.410993239118847
1003	1011	4.826836399884403
1002	1011	5.242679560649959
1001	1011	5.853698793401857
1012	1012	0.684293188405094
1011	1012	1.170658478591129
1010	1012	1.7849514705000278
1009	1012	2.4315388155426243
=========================

Tempo:370018.03466666664
Destinazione	 NEXTHOP	 Costo
1008	1011	2.7476205960566222
1007	1011	3.1634637568221784
1006	1011	3.5793069175877346
1005	1011	3.9951500783532907
1004	1011	4.410993239118847
1003	1011	4.826836399884403
1002	1011	5.242679560649959
1001	1011	5.853698793401857
1012	1012	0.684293188405094
1011	1011	1.6797113495622755
1010	1012	1.7849514705000278
1009	1012	2.4315388155426243
=========================

Tempo:370018.03466666664
Destinazione	 NEXTHOP	 Costo
1008	1012	2.7207602031510856
1007	1012	3.1366033639166417
1006	1012	3.552446524682198
1005	1012	3.968289685447754
1004	1012	4.38413284621331
1003	1012	4.799976006978866
1002	1012	5.215819167744423
1001	1012	5.82683840049632
1012	1012	0.5572964463289072
1011	1012	1.2497938577503198
1010	1012	1.747620596056622
1009	1012	2.3049170423855294
=========================

Tempo:375018.03466666664
Destinazione	 NEXTHOP	 Costo
1008	1012	2.7207602031510856
1007	1012	3.1366033639166417
1006	1012	3.552446524682198
1005	1012	3.968289685447754
1004	1012	4.38413284621331
1003	1012	4.799976006978866
1002	1012	5.215819167744423
1001	1012	5.82683840049632
1012	1012	0.5572964463289072
1011	1011	1.8557637275385024
1010	1012	1.747620596056622
1009	1012	2.3049170423855294
=========================

Tempo:375018.03466666664
Destinazione	 NEXTHOP	 Costo
1008	1012	2.584175748104779
1007	1012	3.0000189088703353
1006	1012	3.4158620696358915
1005	1012	3.8317052304014476
1004	1012	4.247548391167004
1003	1012	4.66339155193256
1002	1012	5.079234712698116
1001	1012	5.690253945450014
1012	1012	0.4207119912826007
1011	1012	1.41302007431284
1010	1012	1.747620596056622
1009	1012	2.1683325873392225
=========================

Tempo:380018.03466666664
Destinazione	 NEXTHOP	 Costo
1008	1012	2.584175748104779
1007	1012	3.0000189088703353
1006	1012	3.4158620696358915
1005	1012	3.8317052304014476
1004	1012	4.247548391167004
1003	1012	4.66339155193256
1002	1012	5.079234712698116
1001	1012	5.690253945450014
1012	1012	0.4207119912826007
1011	1011	2.170969798412021
1010	1012	1.747620596056622
1009	1012	2.1683325873392225
=========================

Tempo:380018.03466666664
Destinazione	 NEXTHOP	 Costo
1008	1012	2.5793069175877346
1007	1012	2.9951500783532907
1006	1012	3.410993239118847
1005	1012	3.826836399884403
1004	1012	4.242679560649959
1003	1012	4.658522721415515
1002	1012	5.0743658821810715
1001	1012	5.685385114932969
1012	1012	0.41584316076555616
1011	1012	1.486372171100703
1010	1012	1.747620596056622
1009	1012	2.1634637568221784
=========================

Tempo:385018.03466666664
Destinazione	 NEXTHOP	 Costo
1008	1012	2.5793069175877346
1007	1012	2.9951500783532907
1006	1012	3.410993239118847
1005	1012	3.826836399884403
1004	1012	4.242679560649959
1003	1012	4.658522721415515
1002	1012	5.0743658821810715
1001	1012	5.685385114932969
1012	1012	0.41584316076555616
1011	1011	2.442341498385543
1010	1012	1.747620596056622
1009	1012	2.1634637568221784
=========================

Tempo:385018.03466666664
Destinazione	 NEXTHOP	 Costo
1008	1012	2.5793069175877346
1007	1012	2.9951500783532907
1006	1012	3.410993239118847
1005	1012	3.826836399884403
1004	1012	4.242679560649959
1003	1012	4.658522721415515
1002	1012	5.0743658821810715
1001	1012	5.685385114932969
1012	1012	0.4395188195416564
1011	1012	1.525658783394507
1010	1012	1.747620596056622
1009	1012	2.1634637568221784
=========================

Tempo:390018.03466666664
Destinazione	 NEXTHOP	 Costo
1008	1012	2.5793069175877346
1007	1012	2.9951500783532907
1006	1012	3.410993239118847
1005	1012	3.826836399884403
1004	1012	4.242679560649959
1003	1012	4.658522721415515
1002	1012	5.0743658821810715
1001	1012	5.685385114932969
1012	1012	0.4395188195416564
1011	1011	2.369044990398309
1010	1012	1.747620596056622
1009	1012	2.1634637568221784
=========================

Tempo:390018.03466666664
Destinazione	 NEXTHOP	 Costo
1008	1012	2.5793069175877346
1007	1012	2.9951500783532907
1006	1012	3.410993239118847
1005	1012	3.826836399884403
1004	1012	4.242679560649959
1003	1012	4.658522721415515
1002	1012	5.0743658821810715
1001	1012	5.685385114932969
1012	1012	0.4625118556936663
1011	1012	1.3740392633918985
1010	1012	1.747620596056622
1009	1012	2.1634637568221784
=========================
