
Tempo:420018.03466666664
Destinazione	 NEXTHOP	 Costo
1011	1013	2.567761145526034
1010	1013	2.7476205960566222
1008	1013	3.5793069175877346
1007	1013	3.9951500783532907
1006	1013	4.410993239118847
1005	1013	4.826836399884403
1004	1013	5.242679560649959
1003	1013	5.658522721415515
1014	1013	1.489040573990625
1013	1013	1.0
1002	1013	6.0743658821810715
1001	1013	6.685385114932969
1012	1013	1.911527407698232
1009	1013	3.1634637568221784
=========================

Tempo:420018.03466666664
Destinazione	 NEXTHOP	 Costo
1011	1014	2.4315388155426243
1010	1013	2.7476205960566222
1008	1013	3.5793069175877346
1007	1013	3.9951500783532907
1006	1013	4.410993239118847
1005	1013	4.826836399884403
1004	1013	5.242679560649959
1003	1013	5.658522721415515
1014	1014	0.6839182194860022
1013	1013	1.0
1002	1013	6.0743658821810715
1001	1013	6.685385114932969
1012	1013	1.911527407698232
1009	1013	3.1634637568221784
=========================

Tempo:425018.03466666664
Destinazione	 NEXTHOP	 Costo
1011	1014	2.4315388155426243
1010	1013	2.7476205960566222
1008	1013	3.5793069175877346
1007	1013	3.9951500783532907
1006	1013	4.410993239118847
1005	1013	4.826836399884403
1004	1013	5.242679560649959
1003	1013	5.658522721415515
1014	1014	0.6839182194860022
1013	1013	1.5678327897201771
1002	1013	6.0743658821810715
1001	1013	6.685385114932969
1012	1013	1.911527407698232
1009	1013	3.1634637568221784
=========================

Tempo:425018.03466666664
Destinazione	 NEXTHOP	 Costo
1011	1014	2.4315388155426243
1010	1013	2.7476205960566222
1008	1013	3.5793069175877346
1007	1013	3.9951500783532907
1006	1013	4.410993239118847
1005	1013	4.826836399884403
1004	1013	5.242679560649959
1003	1013	5.658522721415515
1014	1014	0.684293188405094
1013	1014	1.170658478591129
1002	1013	6.0743658821810715
1001	1013	6.685385114932969
1012	1014	1.7849514705000278
1009	1013	3.1634637568221784
=========================

Tempo:430018.03466666664
Destinazione	 NEXTHOP	 Costo
1011	1014	2.4315388155426243
1010	1013	2.7476205960566222
1008	1013	3.5793069175877346
1007	1013	3.9951500783532907
1006	1013	4.410993239118847
1005	1013	4.826836399884403
1004	1013	5.242679560649959
1003	1013	5.658522721415515
1014	1014	0.684293188405094
1013	1013	1.6797113495622755
1002	1013	6.0743658821810715
1001	1013	6.685385114932969
1012	1014	1.7849514705000278
1009	1013	3.1634637568221784
=========================

Tempo:430018.03466666664
Destinazione	 NEXTHOP	 Costo
1011	1014	2.3049170423855294
1010	1014	2.7207602031510856
1008	1014	3.552446524682198
1007	1014	3.968289685447754
1006	1014	4.38413284621331
1005	1014	4.799976006978866
1004	1014	5.215819167744423
1003	1014	5.631662328509979
1014	1014	0.5572964463289072
1013	1014	1.2497938577503198
1002	1014	6.047505489275535
1001	1014	6.658524722027432
1012	1014	1.747620596056622
1009	1014	3.1366033639166417
=========================

Tempo:435018.03466666664
Destinazione	 NEXTHOP	 Costo
1011	1014	2.3049170423855294
1010	1014	2.7207602031510856
1008	1014	3.552446524682198
1007	1014	3.968289685447754
1006	1014	4.38413284621331
1005	1014	4.799976006978866
1004	1014	5.215819167744423
1003	1014	5.631662328509979
1014	1014	0.5572964463289072
1013	1013	1.8557637275385024
1002	1014	6.047505489275535
1001	1014	6.658524722027432
1012	1014	1.747620596056622
1009	1014	3.1366033639166417
=========================

Tempo:435018.03466666664
Destinazione	 NEXTHOP	 Costo
1011	1014	2.1683325873392225
1010	1014	2.584175748104779
1008	1014	3.4158620696358915
1007	1014	3.8317052304014476
1006	1014	4.247548391167004
1005	1014	4.66339155193256
1004	1014	5.079234712698116
1003	1014	5.495077873463672
1014	1014	0.4207119912826007
1013	1014	1.41302007431284
1002	1014	5.910921034229228
1001	1014	6.521940266981126
1012	1014	1.747620596056622
1009	1014	3.0000189088703353
=========================

Tempo:440018.03466666664
Destinazione	 NEXTHOP	 Costo
1011	1014	2.1683325873392225
1010	1014	2.584175748104779
1008	1014	3.4158620696358915
1007	1014	3.8317052304014476
1006	1014	4.247548391167004
1005	1014	4.66339155193256
1004	1014	5.079234712698116
1003	1014	5.495077873463672
1014	1014	0.4207119912826007
1013	1013	2.170969798412021
1002	1014	5.910921034229228
1001	1014	6.521940266981126
1012	1014	1.747620596056622
1009	1014	3.0000189088703353
=========================

Tempo:440018.03466666664
Destinazione	 NEXTHOP	 Costo
1011	1014	2.1634637568221784
1010	1014	2.5793069175877346
1008	1014	3.410993239118847
1007	1014	3.826836399884403
1006	1014	4.242679560649959
1005	1014	4.658522721415515
1004	1014	5.0743658821810715
1003	1014	5.490209042946628
1014	1014	0.41584316076555616
1013	1014	1.486372171100703
1002	1014	5.906052203712184
1001	1014	6.517071436464081
1012	1014	1.747620596056622
1009	1014	2.9951500783532907
=========================

Tempo:445018.03466666664
Destinazione	 NEXTHOP	 Costo
1011	1014	2.1634637568221784
1010	1014	2.5793069175877346
1008	1014	3.410993239118847
1007	1014	3.826836399884403
1006	1014	4.242679560649959
1005	1014	4.658522721415515
1004	1014	5.0743658821810715
1003	1014	5.490209042946628
1014	1014	0.41584316076555616
1013	1013	2.442341498385543
1002	1014	5.906052203712184
1001	1014	6.517071436464081
1012	1014	1.747620596056622
1009	1014	2.9951500783532907
=========================

Tempo:445018.03466666664
Destinazione	 NEXTHOP	 Costo
1011	1014	2.1634637568221784
1010	1014	2.5793069175877346
1008	1014	3.410993239118847
1007	1014	3.826836399884403
1006	1014	4.242679560649959
1005	1014	4.658522721415515
1004	1014	5.0743658821810715
1003	1014	5.490209042946628
1014	1014	0.4395188195416564
1013	1014	1.525658783394507
1002	1014	5.906052203712184
1001	1014	6.517071436464081
1012	1014	1.747620596056622
1009	1014	2.9951500783532907
=========================

Tempo:450018.03466666664
Destinazione	 NEXTHOP	 Costo
1011	1014	2.1634637568221784
1010	1014	2.5793069175877346
1008	1014	3.410993239118847
1007	1014	3.826836399884403
1006	1014	4.242679560649959
1005	1014	4.658522721415515
1004	1014	5.0743658821810715
1003	1014	5.490209042946628
1014	1014	0.4395188195416564
1013	1013	2.369044990398309
1002	1014	5.906052203712184
1001	1014	6.517071436464081
1012	1014	1.747620596056622
1009	1014	2.9951500783532907
=========================

Tempo:450018.03466666664
Destinazione	 NEXTHOP	 Costo
1011	1014	2.1634637568221784
1010	1014	2.5793069175877346
1008	1014	3.410993239118847
1007	1014	3.826836399884403
1006	1014	4.242679560649959
1005	1014	4.658522721415515
1004	1014	5.0743658821810715
1003	1014	5.490209042946628
1014	1014	0.4625118556936663
1013	1014	1.3740392633918985
1002	1014	5.906052203712184
1001	1014	6.517071436464081
1012	1014	1.747620596056622
1009	1014	2.9951500783532907
=========================

Tempo:450018.03466666664
Destinazione	 NEXTHOP	 Costo
1011	1014	2.1634637568221784
1010	1014	2.5793069175877346
1008	1014	3.410993239118847
1007	1014	3.826836399884403
1006	1014	4.242679560649959
1005	1014	4.658522721415515
1016	1016	1.0568902869439392
1004	1014	5.0743658821810715
1003	1014	5.490209042946628
1014	1014	0.4625118556936663
1013	1014	1.3740392633918985
1002	1014	5.906052203712184
1001	1014	6.517071436464081
1012	1014	1.747620596056622
1009	1014	2.9951500783532907
=========================

Tempo:455018.03466666664
Destinazione	 NEXTHOP	 Costo
1011	1014	2.1634637568221784
1010	1014	2.5793069175877346
1008	1014	3.410993239118847
1007	1014	3.826836399884403
1006	1014	4.242679560649959
1005	1014	4.658522721415515
1016	1016	1.0568902869439392
1004	1014	5.0743658821810715
1003	1014	5.490209042946628
1014	1014	0.4625118556936663
1013	1013	2.025545059868497
1002	1014	5.906052203712184
1001	1014	6.517071436464081
1012	1014	1.747620596056622
1009	1014	2.9951500783532907
=========================

Tempo:455018.03466666664
Destinazione	 NEXTHOP	 Costo
1011	1014	2.1634637568221784
1010	1014	2.5793069175877346
1008	1014	3.410993239118847
1007	1014	3.826836399884403
1006	1014	4.242679560649959
1005	1014	4.658522721415515
1016	1016	1.0568902869439392
1004	1014	5.0743658821810715
1003	1014	5.490209042946628
1014	1014	0.4863652901860349
1013	1014	1.1006582820949338
1002	1014	5.906052203712184
1001	1014	6.517071436464081
1012	1014	1.747620596056622
1009	1014	2.9951500783532907
=========================

Tempo:455018.03466666664
Destinazione	 NEXTHOP	 Costo
1011	1014	2.1634637568221784
1010	1014	2.5793069175877346
1008	1014	3.410993239118847
1007	1014	3.826836399884403
1006	1014	4.242679560649959
1005	1014	4.658522721415515
1016	1016	1.0893741353858195
1004	1014	5.0743658821810715
1003	1014	5.490209042946628
1014	1014	0.4863652901860349
1013	1014	1.1006582820949338
1002	1014	5.906052203712184
1001	1014	6.517071436464081
1012	1014	1.747620596056622
1009	1014	2.9951500783532907
=========================

Tempo:460018.03466666664
Destinazione	 NEXTHOP	 Costo
1011	1014	2.1634637568221784
1010	1014	2.5793069175877346
1008	1014	3.410993239118847
1007	1014	3.826836399884403
1006	1014	4.242679560649959
1005	1014	4.658522721415515
1016	1016	1.0893741353858195
1004	1014	5.0743658821810715
1003	1014	5.490209042946628
1014	1014	0.4863652901860349
1013	1013	2.2516884503573653
1002	1014	5.906052203712184
1001	1014	6.517071436464081
1012	1014	1.747620596056622
1009	1014	2.9951500783532907
=========================

Tempo:460018.03466666664
Destinazione	 NEXTHOP	 Costo
1011	1014	2.1634637568221784
1010	1014	2.5793069175877346
1008	1014	3.410993239118847
1007	1014	3.826836399884403
1006	1014	4.242679560649959
1005	1014	4.658522721415515
1016	1016	1.0893741353858195
1004	1014	5.0743658821810715
1003	1014	5.490209042946628
1014	1014	0.6924974114214126
1013	1014	1.1903241497277148
1002	1014	5.906052203712184
1001	1014	6.517071436464081
1012	1014	1.747620596056622
1009	1014	2.9951500783532907
=========================

Tempo:460018.03466666664
Destinazione	 NEXTHOP	 Costo
1011	1014	2.1634637568221784
1010	1014	2.5793069175877346
1008	1014	3.410993239118847
1007	1014	3.826836399884403
1006	1014	4.242679560649959
1005	1014	4.658522721415515
1016	1016	0.8249493898624018
1004	1014	5.0743658821810715
1003	1014	5.490209042946628
1014	1014	0.6924974114214126
1013	1014	1.1903241497277148
1002	1014	5.906052203712184
1001	1014	6.517071436464081
1012	1014	1.747620596056622
1009	1014	2.9951500783532907
=========================

Tempo:465018.03466666664
Destinazione	 NEXTHOP	 Costo
1011	1014	2.1634637568221784
1010	1014	2.5793069175877346
1008	1014	3.410993239118847
1007	1014	3.826836399884403
1006	1014	4.242679560649959
1005	1014	4.658522721415515
1016	1016	0.8249493898624018
1004	1014	5.0743658821810715
1003	1014	5.490209042946628
1014	1014	0.6924974114214126
1013	1013	2.7370986479937307
1002	1014	5.906052203712184
1001	1014	6.517071436464081
1012	1014	1.747620596056622
1009	1014	2.9951500783532907
=========================

Tempo:465018.03466666664
Destinazione	 NEXTHOP	 Costo
1011	1014	2.1634637568221784
1010	1014	2.5793069175877346
1008	1014	3.410993239118847
1007	1014	3.826836399884403
1006	1014	4.242679560649959
1005	1014	4.658522721415515
1016	1016	0.8249493898624018
1004	1014	5.0743658821810715
1003	1014	5.490209042946628
1014	1014	0.9923080830302393
1013	1014	1.4742475899348446
1002	1014	5.906052203712184
1001	1014	6.517071436464081
1012	1014	1.747620596056622
1009	1014	2.9951500783532907
=========================

Tempo:465018.03466666664
Destinazione	 NEXTHOP	 Costo
1011	1014	2.1634637568221784
1010	1014	2.5793069175877346
1008	1014	3.410993239118847
1007	1014	3.826836399884403
1006	1014	4.242679560649959
1005	1014	4.658522721415515
1016	1016	0.5429678982742572
1004	1014	5.0743658821810715
1003	1014	5.490209042946628
1014	1014	0.9923080830302393
1013	1014	1.4742475899348446
1002	1014	5.906052203712184
1001	1014	6.517071436464081
1012	1014	1.747620596056622
1009	1014	2.9951500783532907
=========================

Tempo:470018.03466666664
Destinazione	 NEXTHOP	 Costo
1011	1014	2.1634637568221784
1010	1014	2.5793069175877346
1008	1014	3.410993239118847
1007	1014	3.826836399884403
1006	1014	4.242679560649959
1005	1014	4.658522721415515
1016	1016	0.5429678982742572
1004	1014	5.0743658821810715
1003	1014	5.490209042946628
1014	1014	0.9923080830302393
1013	1013	2.8286619187760382
1002	1014	5.906052203712184
1001	1014	6.517071436464081
1012	1014	1.747620596056622
1009	1014	2.9951500783532907
=========================

Tempo:470018.03466666664
Destinazione	 NEXTHOP	 Costo
1011	1014	2.1634637568221784
1010	1014	2.5793069175877346
1008	1014	3.410993239118847
1007	1014	3.826836399884403
1006	1014	4.242679560649959
1005	1014	4.658522721415515
1016	1016	0.5429678982742572
1004	1014	5.0743658821810715
1003	1014	5.490209042946628
1014	1014	1.0705290103351468
1013	1014	1.5521904994333067
1002	1014	5.906052203712184
1001	1014	6.517071436464081
1012	1014	1.747620596056622
1009	1014	2.9951500783532907
=========================

Tempo:470018.03466666664
Destinazione	 NEXTHOP	 Costo
1011	1014	2.1634637568221784
1010	1014	2.5793069175877346
1008	1014	3.410993239118847
1007	1014	3.826836399884403
1006	1014	4.242679560649959
1005	1014	4.658522721415515
1016	1016	0.4891816954040285
1004	1014	5.0743658821810715
1003	1014	5.490209042946628
1014	1014	1.0705290103351468
1013	1014	1.5521904994333067
1002	1014	5.906052203712184
1001	1014	6.517071436464081
1012	1014	1.747620596056622
1009	1014	2.9951500783532907
=========================

Tempo:475018.03466666664
Destinazione	 NEXTHOP	 Costo
1011	1014	2.1634637568221784
1010	1014	2.5793069175877346
1008	1014	3.410993239118847
1007	1014	3.826836399884403
1006	1014	4.242679560649959
1005	1014	4.658522721415515
1016	1016	0.4891816954040285
1004	1014	5.0743658821810715
1003	1014	5.490209042946628
1014	1014	1.0705290103351468
1013	1013	2.834088548034778
1002	1014	5.906052203712184
1001	1014	6.517071436464081
1012	1014	1.747620596056622
1009	1014	2.9951500783532907
=========================

Tempo:475018.03466666664
Destinazione	 NEXTHOP	 Costo
1011	1014	2.1634637568221784
1010	1014	2.5793069175877346
1008	1014	3.410993239118847
1007	1014	3.826836399884403
1006	1014	4.242679560649959
1005	1014	4.658522721415515
1016	1016	0.4891816954040285
1004	1014	5.0743658821810715
1003	1014	5.490209042946628
1014	1014	1.0861399638528506
1013	1014	1.5860174976246635
1002	1014	5.906052203712184
1001	1014	6.517071436464081
1012	1014	1.747620596056622
1009	1014	2.9951500783532907
=========================

Tempo:475018.03466666664
Destinazione	 NEXTHOP	 Costo
1011	1014	2.1634637568221784
1010	1014	2.5793069175877346
1008	1014	3.410993239118847
1007	1014	3.826836399884403
1006	1014	4.242679560649959
1005	1014	4.658522721415515
1016	1016	0.48904057399062484
1004	1014	5.0743658821810715
1003	1014	5.490209042946628
1014	1014	1.0861399638528506
1013	1014	1.5860174976246635
1002	1014	5.906052203712184
1001	1014	6.517071436464081
1012	1014	1.747620596056622
1009	1014	2.9951500783532907
=========================

Tempo:480018.03466666664
Destinazione	 NEXTHOP	 Costo
1011	1014	2.1634637568221784
1010	1014	2.5793069175877346
1008	1014	3.410993239118847
1007	1014	3.826836399884403
1006	1014	4.242679560649959
1005	1014	4.658522721415515
1016	1016	0.48904057399062484
1004	1014	5.0743658821810715
1003	1014	5.490209042946628
1014	1014	1.0861399638528506
1013	1013	2.851910458796252
1002	1014	5.906052203712184
1001	1014	6.517071436464081
1012	1014	1.747620596056622
1009	1014	2.9951500783532907
=========================

Tempo:480018.03466666664
Destinazione	 NEXTHOP	 Costo
1011	1014	2.1634637568221784
1010	1014	2.5793069175877346
1008	1014	3.410993239118847
1007	1014	3.826836399884403
1006	1014	4.242679560649959
1005	1014	4.658522721415515
1016	1016	0.48904057399062484
1004	1014	5.0743658821810715
1003	1014	5.490209042946628
1014	1014	0.9115274076982322
1013	1014	1.5677611455260339
1002	1014	5.906052203712184
1001	1014	6.517071436464081
1012	1014	1.747620596056622
1009	1014	2.9951500783532907
=========================

Tempo:480018.03466666664
Destinazione	 NEXTHOP	 Costo
1011	1014	2.1634637568221784
1010	1014	2.5793069175877346
1008	1014	3.410993239118847
1007	1014	3.826836399884403
1006	1014	4.242679560649959
1005	1014	4.658522721415515
1016	1016	0.4979796611161938
1004	1014	5.0743658821810715
1003	1014	5.490209042946628
1014	1014	0.9115274076982322
1013	1014	1.5677611455260339
1002	1014	5.906052203712184
1001	1014	6.517071436464081
1012	1014	1.747620596056622
1009	1014	2.9951500783532907
=========================

Tempo:480018.03466666664
Destinazione	 NEXTHOP	 Costo
1011	1014	2.1634637568221784
1010	1014	2.5793069175877346
1008	1014	3.410993239118847
1007	1014	3.826836399884403
1006	1014	4.242679560649959
1017	1017	3.043566294254816
1005	1014	4.658522721415515
1016	1016	0.4979796611161938
1004	1014	5.0743658821810715
1003	1014	5.490209042946628
1014	1014	0.9115274076982322
1013	1014	1.5677611455260339
1002	1014	5.906052203712184
1001	1014	6.517071436464081
1012	1014	1.747620596056622
1009	1014	2.9951500783532907
=========================

Tempo:485018.03466666664
Destinazione	 NEXTHOP	 Costo
1011	1014	2.1634637568221784
1010	1014	2.5793069175877346
1008	1014	3.410993239118847
1007	1014	3.826836399884403
1006	1014	4.242679560649959
1017	1017	3.043566294254816
1005	1014	4.658522721415515
1016	1016	0.4979796611161938
1004	1014	5.0743658821810715
1003	1014	5.490209042946628
1014	1014	0.9115274076982322
1013	1013	2.8423322049273763
1002	1014	5.906052203712184
1001	1014	6.517071436464081
1012	1014	1.747620596056622
1009	1014	2.9951500783532907
=========================

Tempo:485018.03466666664
Destinazione	 NEXTHOP	 Costo
1011	1014	2.1634637568221784
1010	1014	2.5793069175877346
1008	1014	3.410993239118847
1007	1014	3.826836399884403
1006	1014	4.242679560649959
1017	1017	3.043566294254816
1005	1014	4.658522721415515
1016	1016	0.4979796611161938
1004	1014	5.0743658821810715
1003	1014	5.490209042946628
1014	1014	0.6142929919088989
1013	1014	1.5679551090740491
1002	1014	5.906052203712184
1001	1014	6.517071436464081
1012	1014	1.747620596056622
1009	1014	2.9951500783532907
=========================

Tempo:485018.03466666664
Destinazione	 NEXTHOP	 Costo
1011	1014	2.1634637568221784
1010	1014	2.5793069175877346
1008	1014	3.410993239118847
1007	1014	3.826836399884403
1006	1014	4.242679560649959
1017	1016	1.567525126794636
1005	1014	4.658522721415515
1016	1016	0.5106348398506969
1004	1014	5.0743658821810715
1003	1014	5.490209042946628
1014	1014	0.6142929919088989
1013	1014	1.5679551090740491
1002	1014	5.906052203712184
1001	1014	6.517071436464081
1012	1014	1.747620596056622
1009	1014	2.9951500783532907
=========================

Tempo:485018.03466666664
Destinazione	 NEXTHOP	 Costo
1011	1014	2.1634637568221784
1010	1014	2.5793069175877346
1008	1014	3.410993239118847
1007	1014	3.826836399884403
1006	1014	4.242679560649959
1017	1017	3.0561014233806683
1005	1014	4.658522721415515
1016	1016	0.5106348398506969
1004	1014	5.0743658821810715
1003	1014	5.490209042946628
1014	1014	0.6142929919088989
1013	1014	1.5679551090740491
1002	1014	5.906052203712184
1001	1014	6.517071436464081
1012	1014	1.747620596056622
1009	1014	2.9951500783532907
=========================

Tempo:490018.03466666664
Destinazione	 NEXTHOP	 Costo
1011	1014	2.1634637568221784
1010	1014	2.5793069175877346
1008	1014	3.410993239118847
1007	1014	3.826836399884403
1006	1014	4.242679560649959
1017	1017	3.0561014233806683
1005	1014	4.658522721415515
1016	1016	0.5106348398506969
1004	1014	5.0743658821810715
1003	1014	5.490209042946628
1014	1014	0.6142929919088989
1013	1013	2.7339546546370945
1002	1014	5.906052203712184
1001	1014	6.517071436464081
1012	1014	1.747620596056622
1009	1014	2.9951500783532907
=========================

Tempo:490018.03466666664
Destinazione	 NEXTHOP	 Costo
1011	1014	2.1634637568221784
1010	1014	2.5793069175877346
1008	1014	3.410993239118847
1007	1014	3.826836399884403
1006	1014	4.242679560649959
1017	1017	3.0561014233806683
1005	1014	4.658522721415515
1016	1016	0.5106348398506969
1004	1014	5.0743658821810715
1003	1014	5.490209042946628
1014	1014	0.49782673830630214
1013	1014	1.4859938100785588
1002	1014	5.906052203712184
1001	1014	6.517071436464081
1012	1014	1.747620596056622
1009	1014	2.9951500783532907
=========================

Tempo:490018.03466666664
Destinazione	 NEXTHOP	 Costo
1011	1014	2.1634637568221784
1010	1014	2.5793069175877346
1008	1014	3.410993239118847
1007	1014	3.826836399884403
1006	1014	4.242679560649959
1017	1016	1.8253678067955823
1005	1014	4.658522721415515
1016	1016	0.7359936714097627
1004	1014	5.0743658821810715
1003	1014	5.490209042946628
1014	1014	0.49782673830630214
1013	1014	1.4859938100785588
1002	1014	5.906052203712184
1001	1014	6.517071436464081
1012	1014	1.747620596056622
1009	1014	2.9951500783532907
=========================

Tempo:490018.03466666664
Destinazione	 NEXTHOP	 Costo
1011	1014	2.1634637568221784
1010	1014	2.5793069175877346
1008	1014	3.410993239118847
1007	1014	3.826836399884403
1006	1014	4.242679560649959
1017	1017	3.0582140205116914
1005	1014	4.658522721415515
1016	1016	0.7359936714097627
1004	1014	5.0743658821810715
1003	1014	5.490209042946628
1014	1014	0.49782673830630214
1013	1014	1.4859938100785588
1002	1014	5.906052203712184
1001	1014	6.517071436464081
1012	1014	1.747620596056622
1009	1014	2.9951500783532907
=========================

Tempo:495018.03466666664
Destinazione	 NEXTHOP	 Costo
1011	1014	2.1634637568221784
1010	1014	2.5793069175877346
1008	1014	3.410993239118847
1007	1014	3.826836399884403
1006	1014	4.242679560649959
1017	1017	3.0582140205116914
1005	1014	4.658522721415515
1016	1016	0.7359936714097627
1004	1014	5.0743658821810715
1003	1014	5.490209042946628
1014	1014	0.49782673830630214
1013	1013	2.236195379287064
1002	1014	5.906052203712184
1001	1014	6.517071436464081
1012	1014	1.747620596056622
1009	1014	2.9951500783532907
=========================

Tempo:495018.03466666664
Destinazione	 NEXTHOP	 Costo
1011	1014	2.1634637568221784
1010	1014	2.5793069175877346
1008	1014	3.410993239118847
1007	1014	3.826836399884403
1006	1014	4.242679560649959
1017	1017	3.0582140205116914
1005	1014	4.658522721415515
1016	1016	0.7359936714097627
1004	1014	5.0743658821810715
1003	1014	5.490209042946628
1014	1014	0.48193950690460535
1013	1014	1.158617773307785
1002	1014	5.906052203712184
1001	1014	6.517071436464081
1012	1014	1.747620596056622
1009	1014	2.9951500783532907
=========================

Tempo:495018.03466666664
Destinazione	 NEXTHOP	 Costo
1011	1014	2.1634637568221784
1010	1014	2.5793069175877346
1008	1014	3.410993239118847
1007	1014	3.826836399884403
1006	1014	4.242679560649959
1017	1016	1.8936556496065406
1005	1014	4.658522721415515
1016	1016	1.0687062597441388
1004	1014	5.0743658821810715
1003	1014	5.490209042946628
1014	1014	0.48193950690460535
1013	1014	1.158617773307785
1002	1014	5.906052203712184
1001	1014	6.517071436464081
1012	1014	1.747620596056622
1009	1014	2.9951500783532907
=========================

Tempo:495018.03466666664
Destinazione	 NEXTHOP	 Costo
1011	1014	2.1634637568221784
1010	1014	2.5793069175877346
1008	1014	3.410993239118847
1007	1014	3.826836399884403
1006	1014	4.242679560649959
1017	1017	3.04802871156001
1005	1014	4.658522721415515
1016	1016	1.0687062597441388
1004	1014	5.0743658821810715
1003	1014	5.490209042946628
1014	1014	0.48193950690460535
1013	1014	1.158617773307785
1002	1014	5.906052203712184
1001	1014	6.517071436464081
1012	1014	1.747620596056622
1009	1014	2.9951500783532907
=========================

Tempo:500018.03466666664
Destinazione	 NEXTHOP	 Costo
1011	1014	2.1634637568221784
1010	1014	2.5793069175877346
1008	1014	3.410993239118847
1007	1014	3.826836399884403
1006	1014	4.242679560649959
1017	1017	3.04802871156001
1005	1014	4.658522721415515
1016	1016	1.0687062597441388
1004	1014	5.0743658821810715
1003	1014	5.490209042946628
1014	1014	0.48193950690460535
1013	1013	1.9665796799555069
1002	1014	5.906052203712184
1001	1014	6.517071436464081
1012	1014	1.747620596056622
1009	1014	2.9951500783532907
=========================

Tempo:500018.03466666664
Destinazione	 NEXTHOP	 Costo
1011	1014	2.1634637568221784
1010	1014	2.5793069175877346
1008	1014	3.410993239118847
1007	1014	3.826836399884403
1006	1014	4.242679560649959
1017	1017	3.04802871156001
1005	1014	4.658522721415515
1016	1016	1.0687062597441388
1004	1014	5.0743658821810715
1003	1014	5.490209042946628
1014	1014	0.48166148909815976
1013	1014	0.9963732664319187
1002	1014	5.906052203712184
1001	1014	6.517071436464081
1012	1014	1.747620596056622
1009	1014	2.9951500783532907
=========================

Tempo:500018.03466666664
Destinazione	 NEXTHOP	 Costo
1011	1014	2.1634637568221784
1010	1014	2.5793069175877346
1008	1014	3.410993239118847
1007	1014	3.826836399884403
1006	1014	4.242679560649959
1017	1016	1.6811579328950204
1005	1014	4.658522721415515
1016	1016	1.1381900346207632
1004	1014	5.0743658821810715
1003	1014	5.490209042946628
1014	1014	0.48166148909815976
1013	1014	0.9963732664319187
1002	1014	5.906052203712184
1001	1014	6.517071436464081
1012	1014	1.747620596056622
1009	1014	2.9951500783532907
=========================

Tempo:500018.03466666664
Destinazione	 NEXTHOP	 Costo
1011	1014	2.1634637568221784
1010	1014	2.5793069175877346
1008	1014	3.410993239118847
1007	1014	3.826836399884403
1006	1014	4.242679560649959
1017	1017	3.0464607675826225
1005	1014	4.658522721415515
1016	1016	1.1381900346207632
1004	1014	5.0743658821810715
1003	1014	5.490209042946628
1014	1014	0.48166148909815976
1013	1014	0.9963732664319187
1002	1014	5.906052203712184
1001	1014	6.517071436464081
1012	1014	1.747620596056622
1009	1014	2.9951500783532907
=========================

Tempo:505018.03466666664
Destinazione	 NEXTHOP	 Costo
1011	1014	2.1634637568221784
1010	1014	2.5793069175877346
1008	1014	3.410993239118847
1007	1014	3.826836399884403
1006	1014	4.242679560649959
1017	1017	3.0464607675826225
1005	1014	4.658522721415515
1016	1016	1.1381900346207632
1004	1014	5.0743658821810715
1003	1014	5.490209042946628
1014	1014	0.48166148909815976
1013	1013	1.9921414098448964
1002	1014	5.906052203712184
1001	1014	6.517071436464081
1012	1014	1.747620596056622
1009	1014	2.9951500783532907
=========================

Tempo:505018.03466666664
Destinazione	 NEXTHOP	 Costo
1011	1014	2.1634637568221784
1010	1014	2.5793069175877346
1008	1014	3.410993239118847
1007	1014	3.826836399884403
1006	1014	4.242679560649959
1017	1017	3.0464607675826225
1005	1014	4.658522721415515
1016	1016	1.1381900346207632
1004	1014	5.0743658821810715
1003	1014	5.490209042946628
1014	1014	0.4998775337718128
1013	1014	1.0090368323976335
1002	1014	5.906052203712184
1001	1014	6.517071436464081
1012	1014	1.747620596056622
1009	1014	2.9951500783532907
=========================

Tempo:505018.03466666664
Destinazione	 NEXTHOP	 Costo
1011	1014	2.1634637568221784
1010	1014	2.5793069175877346
1008	1014	3.410993239118847
1007	1014	3.826836399884403
1006	1014	4.242679560649959
1017	1016	1.6206235682708827
1005	1014	4.658522721415515
1016	1016	1.1314418728668543
1004	1014	5.0743658821810715
1003	1014	5.490209042946628
1014	1014	0.4998775337718128
1013	1014	1.0090368323976335
1002	1014	5.906052203712184
1001	1014	6.517071436464081
1012	1014	1.747620596056622
1009	1014	2.9951500783532907
=========================

Tempo:505018.03466666664
Destinazione	 NEXTHOP	 Costo
1011	1014	2.1634637568221784
1010	1014	2.5793069175877346
1008	1014	3.410993239118847
1007	1014	3.826836399884403
1006	1014	4.242679560649959
1017	1017	3.0480771246436587
1005	1014	4.658522721415515
1016	1016	1.1314418728668543
1004	1014	5.0743658821810715
1003	1014	5.490209042946628
1014	1014	0.4998775337718128
1013	1014	1.0090368323976335
1002	1014	5.906052203712184
1001	1014	6.517071436464081
1012	1014	1.747620596056622
1009	1014	2.9951500783532907
=========================

Tempo:510018.03466666664
Destinazione	 NEXTHOP	 Costo
1011	1014	2.1634637568221784
1010	1014	2.5793069175877346
1008	1014	3.410993239118847
1007	1014	3.826836399884403
1006	1014	4.242679560649959
1017	1017	3.0480771246436587
1005	1014	4.658522721415515
1016	1016	1.1314418728668543
1004	1014	5.0743658821810715
1003	1014	5.490209042946628
1014	1014	0.4998775337718128
1013	1013	2.2670426868012603
1002	1014	5.906052203712184
1001	1014	6.517071436464081
1012	1014	1.747620596056622
1009	1014	2.9951500783532907
=========================

Tempo:510018.03466666664
Destinazione	 NEXTHOP	 Costo
1011	1014	2.1634637568221784
1010	1014	2.5793069175877346
1008	1014	3.410993239118847
1007	1014	3.826836399884403
1006	1014	4.242679560649959
1017	1017	3.0480771246436587
1005	1014	4.658522721415515
1016	1016	1.1314418728668543
1004	1014	5.0743658821810715
1003	1014	5.490209042946628
1014	1014	0.6562337378278017
1013	1014	1.172519958626157
1002	1014	5.906052203712184
1001	1014	6.517071436464081
1012	1014	1.747620596056622
1009	1014	2.9951500783532907
=========================

Tempo:510018.03466666664
Destinazione	 NEXTHOP	 Costo
1011	1014	2.1634637568221784
1010	1014	2.5793069175877346
1008	1014	3.410993239118847
1007	1014	3.826836399884403
1006	1014	4.242679560649959
1017	1016	1.4103276039461417
1005	1014	4.658522721415515
1016	1016	0.9212870299555167
1004	1014	5.0743658821810715
1003	1014	5.490209042946628
1014	1014	0.6562337378278017
1013	1014	1.172519958626157
1002	1014	5.906052203712184
1001	1014	6.517071436464081
1012	1014	1.747620596056622
1009	1014	2.9951500783532907
=========================

Tempo:510018.03466666664
Destinazione	 NEXTHOP	 Costo
1011	1014	2.1634637568221784
1010	1014	2.5793069175877346
1008	1014	3.410993239118847
1007	1014	3.826836399884403
1006	1014	4.242679560649959
1017	1017	2.7118834749451257
1005	1014	4.658522721415515
1016	1016	0.9212870299555167
1004	1014	5.0743658821810715
1003	1014	5.490209042946628
1014	1014	0.6562337378278017
1013	1014	1.172519958626157
1002	1014	5.906052203712184
1001	1014	6.517071436464081
1012	1014	1.747620596056622
1009	1014	2.9951500783532907
=========================

Tempo:515018.03466666664
Destinazione	 NEXTHOP	 Costo
1011	1014	2.1634637568221784
1010	1014	2.5793069175877346
1008	1014	3.410993239118847
1007	1014	3.826836399884403
1006	1014	4.242679560649959
1017	1017	2.7118834749451257
1005	1014	4.658522721415515
1016	1016	0.9212870299555167
1004	1014	5.0743658821810715
1003	1014	5.490209042946628
1014	1014	0.6562337378278017
1013	1013	2.773775393192772
1002	1014	5.906052203712184
1001	1014	6.517071436464081
1012	1014	1.747620596056622
1009	1014	2.9951500783532907
=========================

Tempo:515018.03466666664
Destinazione	 NEXTHOP	 Costo
1011	1014	2.1634637568221784
1010	1014	2.5793069175877346
1008	1014	3.410993239118847
1007	1014	3.826836399884403
1006	1014	4.242679560649959
1017	1017	2.7118834749451257
1005	1014	4.658522721415515
1016	1016	0.9212870299555167
1004	1014	5.0743658821810715
1003	1014	5.490209042946628
1014	1014	0.9536621171651503
1013	1014	1.4827814052726382
1002	1014	5.906052203712184
1001	1014	6.517071436464081
1012	1014	1.747620596056622
1009	1014	2.9951500783532907
=========================

Tempo:515018.03466666664
Destinazione	 NEXTHOP	 Costo
1011	1014	2.1634637568221784
1010	1014	2.5793069175877346
1008	1014	3.410993239118847
1007	1014	3.826836399884403
1018	1016	3.6512763480265438
1006	1014	4.242679560649959
1017	1016	1.1056897148879214
1005	1014	4.658522721415515
1016	1016	0.6077100537717277
1004	1014	5.0743658821810715
1003	1014	5.490209042946628
1014	1014	0.9536621171651503
1013	1014	1.4827814052726382
1002	1014	5.906052203712184
1001	1014	6.517071436464081
1012	1014	1.747620596056622
1009	1014	2.9951500783532907
=========================

Tempo:515018.03466666664
Destinazione	 NEXTHOP	 Costo
1011	1014	2.1634637568221784
1010	1014	2.5793069175877346
1008	1014	3.410993239118847
1007	1014	3.826836399884403
1018	1017	3.2301972390457703
1006	1014	4.242679560649959
1017	1017	2.1733069521018313
1005	1014	4.658522721415515
1016	1016	0.6077100537717277
1004	1014	5.0743658821810715
1003	1014	5.490209042946628
1014	1014	0.9536621171651503
1013	1014	1.4827814052726382
1002	1014	5.906052203712184
1001	1014	6.517071436464081
1012	1014	1.747620596056622
1009	1014	2.9951500783532907
=========================

Tempo:520018.03466666664
Destinazione	 NEXTHOP	 Costo
1011	1014	2.1634637568221784
1010	1014	2.5793069175877346
1008	1014	3.410993239118847
1007	1014	3.826836399884403
1018	1017	3.2301972390457703
1006	1014	4.242679560649959
1017	1017	2.1733069521018313
1005	1014	4.658522721415515
1016	1016	0.6077100537717277
1004	1014	5.0743658821810715
1003	1014	5.490209042946628
1014	1014	0.9536621171651503
1013	1013	2.9745935652864994
1002	1014	5.906052203712184
1001	1014	6.517071436464081
1012	1014	1.747620596056622
1009	1014	2.9951500783532907
=========================

Tempo:520018.03466666664
Destinazione	 NEXTHOP	 Costo
1011	1014	2.1634637568221784
1010	1014	2.5793069175877346
1008	1014	3.410993239118847
1007	1014	3.826836399884403
1018	1017	3.2301972390457703
1006	1014	4.242679560649959
1017	1017	2.1733069521018313
1005	1014	4.658522721415515
1016	1016	0.6077100537717277
1004	1014	5.0743658821810715
1003	1014	5.490209042946628
1014	1014	0.9881670717722566
1013	1014	1.6036569621605756
1002	1014	5.906052203712184
1001	1014	6.517071436464081
1012	1014	1.747620596056622
1009	1014	2.9951500783532907
=========================

Tempo:520018.03466666664
Destinazione	 NEXTHOP	 Costo
1011	1014	2.1634637568221784
1010	1014	2.5793069175877346
1008	1014	3.410993239118847
1007	1014	3.826836399884403
1018	1017	3.2301972390457703
1006	1014	4.242679560649959
1017	1016	0.9929069900869711
1005	1014	4.658522721415515
1016	1016	0.4822721502362742
1004	1014	5.0743658821810715
1003	1014	5.490209042946628
1014	1014	0.9881670717722566
1013	1014	1.6036569621605756
1002	1014	5.906052203712184
1001	1014	6.517071436464081
1012	1014	1.747620596056622
1009	1014	2.9951500783532907
=========================

Tempo:520018.03466666664
Destinazione	 NEXTHOP	 Costo
1011	1014	2.1634637568221784
1010	1014	2.5793069175877346
1008	1014	3.410993239118847
1007	1014	3.826836399884403
1018	1017	3.2301972390457703
1006	1014	4.242679560649959
1017	1017	2.332043597975167
1005	1014	4.658522721415515
1016	1016	0.4822721502362742
1004	1014	5.0743658821810715
1003	1014	5.490209042946628
1014	1014	0.9881670717722566
1013	1014	1.6036569621605756
1002	1014	5.906052203712184
1001	1014	6.517071436464081
1012	1014	1.747620596056622
1009	1014	2.9951500783532907
=========================

Tempo:525018.0346666666
Destinazione	 NEXTHOP	 Costo
1011	1014	2.1634637568221784
1010	1014	2.5793069175877346
1008	1014	3.410993239118847
1007	1014	3.826836399884403
1018	1017	3.2301972390457703
1006	1014	4.242679560649959
1017	1017	2.332043597975167
1005	1014	4.658522721415515
1016	1016	0.4822721502362742
1004	1014	5.0743658821810715
1003	1014	5.490209042946628
1014	1014	0.9881670717722566
1013	1013	2.9682296003971516
1002	1014	5.906052203712184
1001	1014	6.517071436464081
1012	1014	1.747620596056622
1009	1014	2.9951500783532907
=========================

Tempo:525018.0346666666
Destinazione	 NEXTHOP	 Costo
1011	1014	2.1634637568221784
1010	1014	2.5793069175877346
1008	1014	3.410993239118847
1007	1014	3.826836399884403
1018	1017	3.2301972390457703
1006	1014	4.242679560649959
1017	1017	2.332043597975167
1005	1014	4.658522721415515
1016	1016	0.4822721502362742
1004	1014	5.0743658821810715
1003	1014	5.490209042946628
1014	1014	0.6766782664031795
1013	1014	1.597337186212224
1002	1014	5.906052203712184
1001	1014	6.517071436464081
1012	1014	1.747620596056622
1009	1014	2.9951500783532907
=========================

Tempo:525018.0346666666
Destinazione	 NEXTHOP	 Costo
1011	1014	2.1634637568221784
1010	1014	2.5793069175877346
1008	1014	3.410993239118847
1007	1014	3.826836399884403
1018	1017	3.2301972390457703
1006	1014	4.242679560649959
1017	1016	1.2030465059999444
1005	1014	4.658522721415515
1016	1016	0.46705283459018176
1004	1014	5.0743658821810715
1003	1014	5.490209042946628
1014	1014	0.6766782664031795
1013	1014	1.597337186212224
1002	1014	5.906052203712184
1001	1014	6.517071436464081
1012	1014	1.747620596056622
1009	1014	2.9951500783532907
=========================

Tempo:525018.0346666666
Destinazione	 NEXTHOP	 Costo
1011	1014	2.1634637568221784
1010	1014	2.5793069175877346
1008	1014	3.410993239118847
1007	1014	3.826836399884403
1018	1017	3.2301972390457703
1006	1014	4.242679560649959
1017	1017	2.8353562699951906
1005	1014	4.658522721415515
1016	1016	0.46705283459018176
1004	1014	5.0743658821810715
1003	1014	5.490209042946628
1014	1014	0.6766782664031795
1013	1014	1.597337186212224
1002	1014	5.906052203712184
1001	1014	6.517071436464081
1012	1014	1.747620596056622
1009	1014	2.9951500783532907
=========================

Tempo:530018.0346666666
Destinazione	 NEXTHOP	 Costo
1011	1014	2.1634637568221784
1010	1014	2.5793069175877346
1008	1014	3.410993239118847
1007	1014	3.826836399884403
1018	1017	3.2301972390457703
1006	1014	4.242679560649959
1017	1017	2.8353562699951906
1005	1014	4.658522721415515
1016	1016	0.46705283459018176
1004	1014	5.0743658821810715
1003	1014	5.490209042946628
1014	1014	0.6766782664031795
1013	1013	2.9916659132923726
1002	1014	5.906052203712184
1001	1014	6.517071436464081
1012	1014	1.747620596056622
1009	1014	2.9951500783532907
=========================

Tempo:530018.0346666666
Destinazione	 NEXTHOP	 Costo
1011	1014	2.1634637568221784
1010	1014	2.5793069175877346
1008	1014	3.410993239118847
1007	1014	3.826836399884403
1018	1017	3.2301972390457703
1006	1014	4.242679560649959
1017	1017	2.8353562699951906
1005	1014	4.658522721415515
1016	1016	0.46705283459018176
1004	1014	5.0743658821810715
1003	1014	5.490209042946628
1014	1014	0.514711777333759
1013	1014	1.648056697435646
1002	1014	5.906052203712184
1001	1014	6.517071436464081
1012	1014	1.747620596056622
1009	1014	2.9951500783532907
=========================

Tempo:530018.0346666666
Destinazione	 NEXTHOP	 Costo
1011	1014	2.1634637568221784
1010	1014	2.5793069175877346
1008	1014	3.410993239118847
1007	1014	3.826836399884403
1018	1017	3.2301972390457703
1006	1014	4.242679560649959
1017	1016	1.5420173222865865
1005	1014	4.658522721415515
1016	1016	0.47331106254244765
1004	1014	5.0743658821810715
1003	1014	5.490209042946628
1014	1014	0.514711777333759
1013	1014	1.648056697435646
1002	1014	5.906052203712184
1001	1014	6.517071436464081
1012	1014	1.747620596056622
1009	1014	2.9951500783532907
=========================

Tempo:530018.0346666666
Destinazione	 NEXTHOP	 Costo
1011	1014	2.1634637568221784
1010	1014	2.5793069175877346
1008	1014	3.410993239118847
1007	1014	3.826836399884403
1018	1017	3.2301972390457703
1006	1014	4.242679560649959
1017	1017	2.9285727878768393
1005	1014	4.658522721415515
1016	1016	0.47331106254244765
1004	1014	5.0743658821810715
1003	1014	5.490209042946628
1014	1014	0.514711777333759
1013	1014	1.648056697435646
1002	1014	5.906052203712184
1001	1014	6.517071436464081
1012	1014	1.747620596056622
1009	1014	2.9951500783532907
=========================

Tempo:535018.0346666666
Destinazione	 NEXTHOP	 Costo
1011	1014	2.1634637568221784
1010	1014	2.5793069175877346
1008	1014	3.410993239118847
1007	1014	3.826836399884403
1018	1017	3.2301972390457703
1006	1014	4.242679560649959
1017	1017	2.9285727878768393
1005	1014	4.658522721415515
1016	1016	0.47331106254244765
1004	1014	5.0743658821810715
1003	1014	5.490209042946628
1014	1014	0.514711777333759
1013	1013	3.0417036062039258
1002	1014	5.906052203712184
1001	1014	6.517071436464081
1012	1014	1.747620596056622
1009	1014	2.9951500783532907
=========================

Tempo:535018.0346666666
Destinazione	 NEXTHOP	 Costo
1011	1014	2.1634637568221784
1010	1014	2.5793069175877346
1008	1014	3.410993239118847
1007	1014	3.826836399884403
1018	1017	3.2301972390457703
1006	1014	4.242679560649959
1017	1017	2.9285727878768393
1005	1014	4.658522721415515
1016	1016	0.47331106254244765
1004	1014	5.0743658821810715
1003	1014	5.490209042946628
1014	1014	0.5091592986258208
1013	1014	1.6458203468838186
1002	1014	5.906052203712184
1001	1014	6.517071436464081
1012	1014	1.747620596056622
1009	1014	2.9951500783532907
=========================

Tempo:535018.0346666666
Destinazione	 NEXTHOP	 Costo
1011	1014	2.1634637568221784
1010	1014	2.5793069175877346
1008	1014	3.410993239118847
1007	1014	3.826836399884403
1018	1017	3.2301972390457703
1006	1014	4.242679560649959
1017	1016	1.6365754039022993
1005	1014	4.658522721415515
1016	1016	0.49838536928153604
1004	1014	5.0743658821810715
1003	1014	5.490209042946628
1014	1014	0.5091592986258208
1013	1014	1.6458203468838186
1002	1014	5.906052203712184
1001	1014	6.517071436464081
1012	1014	1.747620596056622
1009	1014	2.9951500783532907
=========================

Tempo:535018.0346666666
Destinazione	 NEXTHOP	 Costo
1011	1014	2.1634637568221784
1010	1014	2.5793069175877346
1008	1014	3.410993239118847
1007	1014	3.826836399884403
1018	1017	3.2301972390457703
1006	1014	4.242679560649959
1017	1017	2.9168327890168433
1005	1014	4.658522721415515
1016	1016	0.49838536928153604
1004	1014	5.0743658821810715
1003	1014	5.490209042946628
1014	1014	0.5091592986258208
1013	1014	1.6458203468838186
1002	1014	5.906052203712184
1001	1014	6.517071436464081
1012	1014	1.747620596056622
1009	1014	2.9951500783532907
=========================

Tempo:540018.0346666666
Destinazione	 NEXTHOP	 Costo
1011	1014	2.1634637568221784
1010	1014	2.5793069175877346
1008	1014	3.410993239118847
1007	1014	3.826836399884403
1018	1017	3.2301972390457703
1006	1014	4.242679560649959
1017	1017	2.9168327890168433
1005	1014	4.658522721415515
1016	1016	0.49838536928153604
1004	1014	5.0743658821810715
1003	1014	5.490209042946628
1014	1014	0.5091592986258208
1013	1014	1.6458203468838186
1002	1014	5.906052203712184
1001	1014	6.517071436464081
1012	1014	1.747620596056622
1009	1014	2.9951500783532907
=========================

Tempo:540018.0346666666
Destinazione	 NEXTHOP	 Costo
1011	1014	2.1634637568221784
1010	1014	2.5793069175877346
1008	1014	3.410993239118847
1007	1014	3.826836399884403
1018	1017	3.2301972390457703
1006	1014	4.242679560649959
1017	1017	2.9168327890168433
1005	1014	4.658522721415515
1016	1016	0.49838536928153604
1004	1014	5.0743658821810715
1003	1014	5.490209042946628
1014	1014	0.5162862207983554
1013	1014	1.6458203468838186
1002	1014	5.906052203712184
1001	1014	6.517071436464081
1012	1014	1.747620596056622
1009	1014	2.9951500783532907
=========================

Tempo:540018.0346666666
Destinazione	 NEXTHOP	 Costo
1011	1014	2.1634637568221784
1010	1014	2.5793069175877346
1008	1014	3.410993239118847
1007	1014	3.826836399884403
1018	1017	3.2301972390457703
1006	1014	4.242679560649959
1017	1016	1.802525208898075
1005	1014	4.658522721415515
1016	1016	0.6710833360312208
1004	1014	5.0743658821810715
1003	1014	5.490209042946628
1014	1014	0.5162862207983554
1013	1014	1.6458203468838186
1002	1014	5.906052203712184
1001	1014	6.517071436464081
1012	1014	1.747620596056622
1009	1014	2.9951500783532907
=========================

Tempo:540018.0346666666
Destinazione	 NEXTHOP	 Costo
1011	1014	2.1634637568221784
1010	1014	2.5793069175877346
1008	1014	3.410993239118847
1007	1014	3.826836399884403
1018	1017	3.2301972390457703
1006	1014	4.242679560649959
1017	1017	2.9283137962668264
1005	1014	4.658522721415515
1016	1016	0.6710833360312208
1004	1014	5.0743658821810715
1003	1014	5.490209042946628
1014	1014	0.5162862207983554
1013	1014	1.6458203468838186
1002	1014	5.906052203712184
1001	1014	6.517071436464081
1012	1014	1.747620596056622
1009	1014	2.9951500783532907
=========================

Tempo:545018.0346666666
Destinazione	 NEXTHOP	 Costo
1011	1014	2.1634637568221784
1010	1014	2.5793069175877346
1008	1014	3.410993239118847
1007	1014	3.826836399884403
1018	1017	3.2301972390457703
1006	1014	4.242679560649959
1017	1017	2.9283137962668264
1005	1014	4.658522721415515
1016	1016	0.6710833360312208
1004	1014	5.0743658821810715
1003	1014	5.490209042946628
1014	1014	0.5162862207983554
1013	1014	1.6458203468838186
1002	1014	5.906052203712184
1001	1014	6.517071436464081
1012	1014	1.747620596056622
1009	1014	2.9951500783532907
=========================

Tempo:545018.0346666666
Destinazione	 NEXTHOP	 Costo
1011	1014	2.1634637568221784
1010	1014	2.5793069175877346
1008	1014	3.410993239118847
1007	1014	3.826836399884403
1018	1017	3.2301972390457703
1006	1014	4.242679560649959
1017	1017	2.9283137962668264
1005	1014	4.658522721415515
1016	1016	0.6710833360312208
1004	1014	5.0743658821810715
1003	1014	5.490209042946628
1014	1014	0.5291192881074879
1013	1014	1.6458203468838186
1002	1014	5.906052203712184
1001	1014	6.517071436464081
1012	1014	1.747620596056622
1009	1014	2.9951500783532907
=========================

Tempo:545018.0346666666
Destinazione	 NEXTHOP	 Costo
1011	1014	2.1634637568221784
1010	1014	2.5793069175877346
1008	1014	3.410993239118847
1007	1014	3.826836399884403
1018	1017	3.2301972390457703
1006	1014	4.242679560649959
1017	1016	1.9187301900492932
1005	1014	4.658522721415515
1016	1016	0.9974431600937766
1004	1014	5.0743658821810715
1003	1014	5.490209042946628
1014	1014	0.5291192881074879
1013	1014	1.6458203468838186
1002	1014	5.906052203712184
1001	1014	6.517071436464081
1012	1014	1.747620596056622
1009	1014	2.9951500783532907
=========================

Tempo:545018.0346666666
Destinazione	 NEXTHOP	 Costo
1011	1014	2.1634637568221784
1010	1014	2.5793069175877346
1008	1014	3.410993239118847
1019	1017	5.982669683212336
1007	1014	3.826836399884403
1018	1017	3.2301972390457703
1006	1014	4.242679560649959
1017	1017	2.93910338895752
1005	1014	4.658522721415515
1016	1016	0.9974431600937766
1004	1014	5.0743658821810715
1003	1014	5.490209042946628
1014	1014	0.5291192881074879
1013	1014	1.6458203468838186
1002	1014	5.906052203712184
1001	1014	6.517071436464081
1012	1014	1.747620596056622
1009	1014	2.9951500783532907
=========================

Tempo:550018.0346666666
Destinazione	 NEXTHOP	 Costo
1011	1014	2.1634637568221784
1010	1014	2.5793069175877346
1008	1014	3.410993239118847
1019	1017	5.982669683212336
1007	1014	3.826836399884403
1018	1017	3.2301972390457703
1006	1014	4.242679560649959
1017	1017	2.93910338895752
1005	1014	4.658522721415515
1016	1016	0.9974431600937766
1004	1014	5.0743658821810715
1003	1014	5.490209042946628
1014	1014	0.5291192881074879
1013	1014	1.6458203468838186
1002	1014	5.906052203712184
1001	1014	6.517071436464081
1012	1014	1.747620596056622
1009	1014	2.9951500783532907
=========================

Tempo:550018.0346666666
Destinazione	 NEXTHOP	 Costo
1011	1014	2.1634637568221784
1010	1014	2.5793069175877346
1008	1014	3.410993239118847
1019	1017	5.982669683212336
1007	1014	3.826836399884403
1018	1017	3.2301972390457703
1006	1014	4.242679560649959
1017	1017	2.93910338895752
1005	1014	4.658522721415515
1016	1016	0.9974431600937766
1004	1014	5.0743658821810715
1003	1014	5.490209042946628
1014	1014	0.6154898903883189
1013	1014	1.6458203468838186
1002	1014	5.906052203712184
1001	1014	6.517071436464081
1012	1014	1.747620596056622
1009	1014	2.9951500783532907
=========================

Tempo:550018.0346666666
Destinazione	 NEXTHOP	 Costo
1011	1014	2.1634637568221784
1010	1014	2.5793069175877346
1008	1014	3.410993239118847
1019	1016	4.271546119593973
1007	1014	3.826836399884403
1018	1016	3.2146558326500334
1006	1014	4.242679560649959
1017	1016	1.6490589343199298
1005	1014	4.658522721415515
1016	1016	1.041348880548202
1004	1014	5.0743658821810715
1003	1014	5.490209042946628
1014	1014	0.6154898903883189
1013	1014	1.6458203468838186
1002	1014	5.906052203712184
1001	1014	6.517071436464081
1012	1014	1.747620596056622
1009	1014	2.9951500783532907
=========================

Tempo:550018.0346666666
Destinazione	 NEXTHOP	 Costo
1011	1014	2.1634637568221784
1010	1014	2.5793069175877346
1008	1014	3.410993239118847
1019	1016	4.271546119593973
1007	1014	3.826836399884403
1018	1016	3.2146558326500334
1006	1014	4.242679560649959
1017	1017	2.796234116516257
1005	1014	4.658522721415515
1016	1016	1.041348880548202
1004	1014	5.0743658821810715
1003	1014	5.490209042946628
1014	1014	0.6154898903883189
1013	1014	1.6458203468838186
1002	1014	5.906052203712184
1001	1014	6.517071436464081
1012	1014	1.747620596056622
1009	1014	2.9951500783532907
=========================

Tempo:555018.0346666666
Destinazione	 NEXTHOP	 Costo
1011	1014	2.1634637568221784
1010	1014	2.5793069175877346
1008	1014	3.410993239118847
1019	1016	4.271546119593973
1007	1014	3.826836399884403
1018	1016	3.2146558326500334
1006	1014	4.242679560649959
1017	1017	2.796234116516257
1005	1014	4.658522721415515
1016	1016	1.041348880548202
1004	1014	5.0743658821810715
1003	1014	5.490209042946628
1014	1014	0.9206589198090446
1013	1014	1.6458203468838186
1002	1014	5.906052203712184
1001	1014	6.517071436464081
1012	1014	1.747620596056622
1009	1014	2.9951500783532907
=========================

Tempo:555018.0346666666
Destinazione	 NEXTHOP	 Costo
1011	1014	2.1634637568221784
1010	1014	2.5793069175877346
1008	1014	3.410993239118847
1019	1016	3.9382615068949716
1007	1014	3.826836399884403
1018	1016	3.040107865824368
1006	1014	4.242679560649959
1017	1016	1.1903364180854756
1005	1014	4.658522721415515
1016	1016	0.7080642678492014
1004	1014	5.0743658821810715
1003	1014	5.490209042946628
1014	1014	0.9206589198090446
1013	1014	1.6458203468838186
1002	1014	5.906052203712184
1001	1014	6.517071436464081
1012	1014	1.747620596056622
1009	1014	2.9951500783532907
=========================

Tempo:555018.0346666666
Destinazione	 NEXTHOP	 Costo
1011	1014	2.1634637568221784
1010	1014	2.5793069175877346
1008	1014	3.410993239118847
1019	1016	3.9382615068949716
1007	1014	3.826836399884403
1018	1017	3.0084477984226603
1006	1014	4.242679560649959
1017	1017	2.2724541270128977
1005	1014	4.658522721415515
1016	1016	0.7080642678492014
1004	1014	5.0743658821810715
1003	1014	5.490209042946628
1014	1014	0.9206589198090446
1013	1014	1.6458203468838186
1002	1014	5.906052203712184
1001	1014	6.517071436464081
1012	1014	1.747620596056622
1009	1014	2.9951500783532907
=========================

Tempo:560018.0346666666
Destinazione	 NEXTHOP	 Costo
1011	1014	2.1634637568221784
1010	1014	2.5793069175877346
1008	1014	3.410993239118847
1019	1016	3.9382615068949716
1007	1014	3.826836399884403
1018	1017	3.0084477984226603
1006	1014	4.242679560649959
1017	1017	2.2724541270128977
1005	1014	4.658522721415515
1016	1016	0.7080642678492014
1004	1014	5.0743658821810715
1003	1014	5.490209042946628
1014	1014	1.133344920101887
1013	1014	1.6458203468838186
1002	1014	5.906052203712184
1001	1014	6.517071436464081
1012	1014	1.747620596056622
1009	1014	2.9951500783532907
=========================

Tempo:560018.0346666666
Destinazione	 NEXTHOP	 Costo
1011	1014	2.1634637568221784
1010	1014	2.5793069175877346
1008	1014	3.410993239118847
1019	1016	3.763736909887141
1007	1014	3.826836399884403
1018	1017	3.0084477984226603
1006	1014	4.242679560649959
1017	1016	1.0005925054315523
1005	1014	4.658522721415515
1016	1016	0.5335396708413706
1004	1014	5.0743658821810715
1003	1014	5.490209042946628
1014	1014	1.133344920101887
1013	1014	1.6458203468838186
1002	1014	5.906052203712184
1001	1014	6.517071436464081
1012	1014	1.747620596056622
1009	1014	2.9951500783532907
=========================

Tempo:560018.0346666666
Destinazione	 NEXTHOP	 Costo
1011	1014	2.1634637568221784
1010	1014	2.5793069175877346
1008	1014	3.410993239118847
1019	1016	3.763736909887141
1007	1014	3.826836399884403
1018	1017	3.0084477984226603
1006	1014	4.242679560649959
1017	1017	2.007480114332622
1005	1014	4.658522721415515
1016	1016	0.5335396708413706
1004	1014	5.0743658821810715
1003	1014	5.490209042946628
1014	1014	1.133344920101887
1013	1014	1.6458203468838186
1002	1014	5.906052203712184
1001	1014	6.517071436464081
1012	1014	1.747620596056622
1009	1014	2.9951500783532907
=========================

Tempo:565018.0346666666
Destinazione	 NEXTHOP	 Costo
1011	1014	2.1634637568221784
1010	1014	2.5793069175877346
1008	1014	3.410993239118847
1019	1016	3.763736909887141
1007	1014	3.826836399884403
1018	1017	3.0084477984226603
1006	1014	4.242679560649959
1017	1017	2.007480114332622
1005	1014	4.658522721415515
1016	1016	0.5335396708413706
1004	1014	5.0743658821810715
1003	1014	5.490209042946628
1014	1014	1.1366610482579977
1013	1014	1.6458203468838186
1002	1014	5.906052203712184
1001	1014	6.517071436464081
1012	1014	1.747620596056622
1009	1014	2.9951500783532907
=========================

Tempo:565018.0346666666
Destinazione	 NEXTHOP	 Costo
1011	1014	2.1634637568221784
1010	1014	2.5793069175877346
1008	1014	3.410993239118847
1019	1016	3.7540287707548945
1007	1014	3.826836399884403
1018	1017	3.0084477984226603
1006	1014	4.242679560649959
1017	1016	0.9971425942515721
1005	1014	4.658522721415515
1016	1016	0.5238315317091244
1004	1014	5.0743658821810715
1003	1014	5.490209042946628
1014	1014	1.1366610482579977
1013	1014	1.6458203468838186
1002	1014	5.906052203712184
1001	1014	6.517071436464081
1012	1014	1.747620596056622
1009	1014	2.9951500783532907
=========================

Tempo:565018.0346666666
Destinazione	 NEXTHOP	 Costo
1011	1014	2.1634637568221784
1010	1014	2.5793069175877346
1008	1014	3.410993239118847
1019	1016	3.7540287707548945
1007	1014	3.826836399884403
1018	1017	3.0084477984226603
1006	1014	4.242679560649959
1017	1017	2.0457087165655086
1005	1014	4.658522721415515
1016	1016	0.5238315317091244
1004	1014	5.0743658821810715
1003	1014	5.490209042946628
1014	1014	1.1366610482579977
1013	1014	1.6458203468838186
1002	1014	5.906052203712184
1001	1014	6.517071436464081
1012	1014	1.747620596056622
1009	1014	2.9951500783532907
=========================

Tempo:570018.0346666666
Destinazione	 NEXTHOP	 Costo
1011	1014	2.1634637568221784
1010	1014	2.5793069175877346
1008	1014	3.410993239118847
1019	1016	3.7540287707548945
1007	1014	3.826836399884403
1018	1017	3.0084477984226603
1006	1014	4.242679560649959
1017	1017	2.0457087165655086
1005	1014	4.658522721415515
1016	1016	0.5238315317091244
1004	1014	5.0743658821810715
1003	1014	5.490209042946628
1014	1014	1.1401575250636495
1013	1014	1.6458203468838186
1002	1014	5.906052203712184
1001	1014	6.517071436464081
1012	1014	1.747620596056622
1009	1014	2.9951500783532907
=========================

Tempo:570018.0346666666
Destinazione	 NEXTHOP	 Costo
1011	1014	2.1634637568221784
1010	1014	2.5793069175877346
1008	1014	3.410993239118847
1019	1016	3.753901476868518
1007	1014	3.826836399884403
1018	1017	3.0084477984226603
1006	1014	4.242679560649959
1017	1016	1.0220896071042838
1005	1014	4.658522721415515
1016	1016	0.5237042378227477
1004	1014	5.0743658821810715
1003	1014	5.490209042946628
1014	1014	1.1401575250636495
1013	1014	1.6458203468838186
1002	1014	5.906052203712184
1001	1014	6.517071436464081
1012	1014	1.747620596056622
1009	1014	2.9951500783532907
=========================

Tempo:570018.0346666666
Destinazione	 NEXTHOP	 Costo
1011	1014	2.1634637568221784
1010	1014	2.5793069175877346
1008	1014	3.410993239118847
1019	1016	3.753901476868518
1007	1014	3.826836399884403
1018	1017	3.0084477984226603
1006	1014	4.242679560649959
1017	1017	2.345803225280719
1005	1014	4.658522721415515
1016	1016	0.5237042378227477
1004	1014	5.0743658821810715
1003	1014	5.490209042946628
1014	1014	1.1401575250636495
1013	1014	1.6458203468838186
1002	1014	5.906052203712184
1001	1014	6.517071436464081
1012	1014	1.747620596056622
1009	1014	2.9951500783532907
=========================

Tempo:575018.0346666666
Destinazione	 NEXTHOP	 Costo
1011	1014	2.1634637568221784
1010	1014	2.5793069175877346
1008	1014	3.410993239118847
1019	1016	3.753901476868518
1007	1014	3.826836399884403
1018	1017	3.0084477984226603
1006	1014	4.242679560649959
1017	1017	2.345803225280719
1005	1014	4.658522721415515
1016	1016	0.5237042378227477
1004	1014	5.0743658821810715
1003	1014	5.490209042946628
1014	1014	1.1428077377935673
1013	1014	1.6458203468838186
1002	1014	5.906052203712184
1001	1014	6.517071436464081
1012	1014	1.747620596056622
1009	1014	2.9951500783532907
=========================

Tempo:575018.0346666666
Destinazione	 NEXTHOP	 Costo
1011	1014	2.1634637568221784
1010	1014	2.5793069175877346
1008	1014	3.410993239118847
1019	1016	3.753901476868518
1007	1014	3.826836399884403
1018	1017	3.0084477984226603
1006	1014	4.242679560649959
1017	1016	1.2038671369326033
1005	1014	4.658522721415515
1016	1016	0.5327838009013826
1004	1014	5.0743658821810715
1003	1014	5.490209042946628
1014	1014	1.1428077377935673
1013	1014	1.6458203468838186
1002	1014	5.906052203712184
1001	1014	6.517071436464081
1012	1014	1.747620596056622
1009	1014	2.9951500783532907
=========================

Tempo:575018.0346666666
Destinazione	 NEXTHOP	 Costo
1011	1014	2.1634637568221784
1010	1014	2.5793069175877346
1008	1014	3.410993239118847
1019	1016	3.753901476868518
1007	1014	3.826836399884403
1018	1017	3.0084477984226603
1006	1014	4.242679560649959
1017	1017	2.904665289296119
1005	1014	4.658522721415515
1016	1016	0.5327838009013826
1004	1014	5.0743658821810715
1003	1014	5.490209042946628
1014	1014	1.1428077377935673
1013	1014	1.6458203468838186
1002	1014	5.906052203712184
1001	1014	6.517071436464081
1012	1014	1.747620596056622
1009	1014	2.9951500783532907
=========================

Tempo:580018.0346666666
Destinazione	 NEXTHOP	 Costo
1011	1014	2.1634637568221784
1010	1014	2.5793069175877346
1008	1014	3.410993239118847
1019	1016	3.753901476868518
1007	1014	3.826836399884403
1018	1017	3.0084477984226603
1006	1014	4.242679560649959
1017	1017	2.904665289296119
1005	1014	4.658522721415515
1016	1016	0.5327838009013826
1004	1014	5.0743658821810715
1003	1014	5.490209042946628
1014	1014	1.1440687761410016
1013	1014	1.6458203468838186
1002	1014	5.906052203712184
1001	1014	6.517071436464081
1012	1014	1.747620596056622
1009	1014	2.9951500783532907
=========================

Tempo:580018.0346666666
Destinazione	 NEXTHOP	 Costo
1011	1014	2.1634637568221784
1010	1014	2.5793069175877346
1020	1016	6.601623920692902
1008	1014	3.410993239118847
1019	1016	3.753901476868518
1007	1014	3.826836399884403
1018	1017	3.0084477984226603
1006	1014	4.242679560649959
1017	1016	1.6163973975743433
1005	1014	4.658522721415515
1016	1016	0.6189542374805667
1004	1014	5.0743658821810715
1003	1014	5.490209042946628
1014	1014	1.1440687761410016
1013	1014	1.6458203468838186
1002	1014	5.906052203712184
1001	1014	6.517071436464081
1012	1014	1.747620596056622
1009	1014	2.9951500783532907
=========================

Tempo:580018.0346666666
Destinazione	 NEXTHOP	 Costo
1011	1014	2.1634637568221784
1010	1014	2.5793069175877346
1020	1017	6.364077334717027
1008	1014	3.410993239118847
1019	1016	3.753901476868518
1007	1014	3.826836399884403
1018	1017	3.0084477984226603
1006	1014	4.242679560649959
1017	1017	3.1338800956712576
1005	1014	4.658522721415515
1016	1016	0.6189542374805667
1004	1014	5.0743658821810715
1003	1014	5.490209042946628
1014	1014	1.1440687761410016
1013	1014	1.6458203468838186
1002	1014	5.906052203712184
1001	1014	6.517071436464081
1012	1014	1.747620596056622
1009	1014	2.9951500783532907
=========================

Tempo:585018.0346666666
Destinazione	 NEXTHOP	 Costo
1011	1014	2.1634637568221784
1010	1014	2.5793069175877346
1020	1017	6.364077334717027
1008	1014	3.410993239118847
1019	1016	3.753901476868518
1007	1014	3.826836399884403
1018	1017	3.0084477984226603
1006	1014	4.242679560649959
1017	1017	3.1338800956712576
1005	1014	4.658522721415515
1016	1016	0.6189542374805667
1004	1014	5.0743658821810715
1003	1014	5.490209042946628
1014	1014	1.1421081031218883
1013	1014	1.6458203468838186
1002	1014	5.906052203712184
1001	1014	6.517071436464081
1012	1014	1.747620596056622
1009	1014	2.9951500783532907
=========================

Tempo:585018.0346666666
Destinazione	 NEXTHOP	 Costo
1011	1014	2.1634637568221784
1010	1014	2.5793069175877346
1020	1016	5.197353612435519
1008	1014	3.410993239118847
1019	1016	3.753901476868518
1007	1014	3.826836399884403
1018	1017	3.0084477984226603
1006	1014	4.242679560649959
1017	1016	1.9671563733897486
1005	1014	4.658522721415515
1016	1016	0.9258074928415465
1004	1014	5.0743658821810715
1003	1014	5.490209042946628
1014	1014	1.1421081031218883
1013	1014	1.6458203468838186
1002	1014	5.906052203712184
1001	1014	6.517071436464081
1012	1014	1.747620596056622
1009	1014	2.9951500783532907
=========================

Tempo:585018.0346666666
Destinazione	 NEXTHOP	 Costo
1011	1014	2.1634637568221784
1010	1014	2.5793069175877346
1020	1016	5.197353612435519
1008	1014	3.410993239118847
1019	1016	3.753901476868518
1007	1014	3.826836399884403
1018	1017	3.0084477984226603
1006	1014	4.242679560649959
1017	1017	3.1112363114809023
1005	1014	4.658522721415515
1016	1016	0.9258074928415465
1004	1014	5.0743658821810715
1003	1014	5.490209042946628
1014	1014	1.1421081031218883
1013	1014	1.6458203468838186
1002	1014	5.906052203712184
1001	1014	6.517071436464081
1012	1014	1.747620596056622
1009	1014	2.9951500783532907
=========================

Tempo:590018.0346666666
Destinazione	 NEXTHOP	 Costo
1011	1014	2.1634637568221784
1010	1014	2.5793069175877346
1020	1016	5.197353612435519
1008	1014	3.410993239118847
1019	1016	3.753901476868518
1007	1014	3.826836399884403
1018	1017	3.0084477984226603
1006	1014	4.242679560649959
1017	1017	3.1112363114809023
1005	1014	4.658522721415515
1016	1016	0.9258074928415465
1004	1014	5.0743658821810715
1003	1014	5.490209042946628
1014	1014	1.1345236773784806
1013	1014	1.6458203468838186
1002	1014	5.906052203712184
1001	1014	6.517071436464081
1012	1014	1.747620596056622
1009	1014	2.9951500783532907
=========================

Tempo:590018.0346666666
Destinazione	 NEXTHOP	 Costo
1011	1014	2.1634637568221784
1010	1014	2.5793069175877346
1020	1016	5.071562241751829
1008	1014	3.410993239118847
1019	1016	3.753901476868518
1007	1014	3.826836399884403
1018	1017	3.0084477984226603
1006	1014	4.242679560649959
1017	1016	1.8413650027060595
1005	1014	4.658522721415515
1016	1016	1.133300734856858
1004	1014	5.0743658821810715
1003	1014	5.490209042946628
1014	1014	1.1345236773784806
1013	1014	1.6458203468838186
1002	1014	5.906052203712184
1001	1014	6.517071436464081
1012	1014	1.747620596056622
1009	1014	2.9951500783532907
=========================

Tempo:590018.0346666666
Destinazione	 NEXTHOP	 Costo
1011	1014	2.1634637568221784
1010	1014	2.5793069175877346
1020	1016	5.071562241751829
1008	1014	3.410993239118847
1019	1016	3.753901476868518
1007	1014	3.826836399884403
1018	1017	3.0084477984226603
1006	1014	4.242679560649959
1017	1017	3.0934867984146863
1005	1014	4.658522721415515
1016	1016	1.133300734856858
1004	1014	5.0743658821810715
1003	1014	5.490209042946628
1014	1014	1.1345236773784806
1013	1014	1.6458203468838186
1002	1014	5.906052203712184
1001	1014	6.517071436464081
1012	1014	1.747620596056622
1009	1014	2.9951500783532907
=========================

Tempo:595018.0346666666
Destinazione	 NEXTHOP	 Costo
1011	1014	2.1634637568221784
1010	1014	2.5793069175877346
1020	1016	5.071562241751829
1008	1014	3.410993239118847
1019	1016	3.753901476868518
1007	1014	3.826836399884403
1018	1017	3.0084477984226603
1006	1014	4.242679560649959
1017	1017	3.0934867984146863
1005	1014	4.658522721415515
1016	1016	1.133300734856858
1004	1014	5.0743658821810715
1003	1014	5.490209042946628
1014	1014	1.1252427799675087
1013	1014	1.6458203468838186
1002	1014	5.906052203712184
1001	1014	6.517071436464081
1012	1014	1.747620596056622
1009	1014	2.9951500783532907
=========================

Tempo:595018.0346666666
Destinazione	 NEXTHOP	 Costo
1011	1014	2.1634637568221784
1010	1014	2.5793069175877346
1020	1016	4.887871346669097
1008	1014	3.410993239118847
1019	1016	3.753901476868518
1007	1014	3.826836399884403
1018	1017	3.0084477984226603
1006	1014	4.242679560649959
1017	1016	1.6576741076233263
1005	1014	4.658522721415515
1016	1016	1.1241344367819557
1004	1014	5.0743658821810715
1003	1014	5.490209042946628
1014	1014	1.1252427799675087
1013	1014	1.6458203468838186
1002	1014	5.906052203712184
1001	1014	6.517071436464081
1012	1014	1.747620596056622
1009	1014	2.9951500783532907
=========================

Tempo:595018.0346666666
Destinazione	 NEXTHOP	 Costo
1011	1014	2.1634637568221784
1010	1014	2.5793069175877346
1020	1016	4.887871346669097
1008	1014	3.410993239118847
1019	1016	3.753901476868518
1007	1014	3.826836399884403
1018	1017	3.0084477984226603
1006	1014	4.242679560649959
1017	1017	3.0863845475574205
1005	1014	4.658522721415515
1016	1016	1.1241344367819557
1004	1014	5.0743658821810715
1003	1014	5.490209042946628
1014	1014	1.1252427799675087
1013	1014	1.6458203468838186
1002	1014	5.906052203712184
1001	1014	6.517071436464081
1012	1014	1.747620596056622
1009	1014	2.9951500783532907
=========================

Tempo:420018.03466666664
Destinazione	 NEXTHOP	 Costo
1011	1013	2.567761145526034
1010	1013	2.7476205960566222
1008	1013	3.5793069175877346
1007	1013	3.9951500783532907
1006	1013	4.410993239118847
1005	1013	4.826836399884403
1004	1013	5.242679560649959
1003	1013	5.658522721415515
1014	1013	1.489040573990625
1013	1013	1.0
1002	1013	6.0743658821810715
1001	1013	6.685385114932969
1012	1013	1.911527407698232
1009	1013	3.1634637568221784
=========================

Tempo:420018.03466666664
Destinazione	 NEXTHOP	 Costo
1011	1014	2.4315388155426243
1010	1013	2.7476205960566222
1008	1013	3.5793069175877346
1007	1013	3.9951500783532907
1006	1013	4.410993239118847
1005	1013	4.826836399884403
1004	1013	5.242679560649959
1003	1013	5.658522721415515
1014	1014	0.6839182194860022
1013	1013	1.0
1002	1013	6.0743658821810715
1001	1013	6.685385114932969
1012	1013	1.911527407698232
1009	1013	3.1634637568221784
=========================

Tempo:425018.03466666664
Destinazione	 NEXTHOP	 Costo
1011	1014	2.4315388155426243
1010	1013	2.7476205960566222
1008	1013	3.5793069175877346
1007	1013	3.9951500783532907
1006	1013	4.410993239118847
1005	1013	4.826836399884403
1004	1013	5.242679560649959
1003	1013	5.658522721415515
1014	1014	0.6839182194860022
1013	1013	1.5678327897201771
1002	1013	6.0743658821810715
1001	1013	6.685385114932969
1012	1013	1.911527407698232
1009	1013	3.1634637568221784
=========================

Tempo:425018.03466666664
Destinazione	 NEXTHOP	 Costo
1011	1014	2.4315388155426243
1010	1013	2.7476205960566222
1008	1013	3.5793069175877346
1007	1013	3.9951500783532907
1006	1013	4.410993239118847
1005	1013	4.826836399884403
1004	1013	5.242679560649959
1003	1013	5.658522721415515
1014	1014	0.684293188405094
1013	1014	1.170658478591129
1002	1013	6.0743658821810715
1001	1013	6.685385114932969
1012	1014	1.7849514705000278
1009	1013	3.1634637568221784
=========================

Tempo:430018.03466666664
Destinazione	 NEXTHOP	 Costo
1011	1014	2.4315388155426243
1010	1013	2.7476205960566222
1008	1013	3.5793069175877346
1007	1013	3.9951500783532907
1006	1013	4.410993239118847
1005	1013	4.826836399884403
1004	1013	5.242679560649959
1003	1013	5.658522721415515
1014	1014	0.684293188405094
1013	1013	1.6797113495622755
1002	1013	6.0743658821810715
1001	1013	6.685385114932969
1012	1014	1.7849514705000278
1009	1013	3.1634637568221784
=========================

Tempo:430018.03466666664
Destinazione	 NEXTHOP	 Costo
1011	1014	2.3049170423855294
1010	1014	2.7207602031510856
1008	1014	3.552446524682198
1007	1014	3.968289685447754
1006	1014	4.38413284621331
1005	1014	4.799976006978866
1004	1014	5.215819167744423
1003	1014	5.631662328509979
1014	1014	0.5572964463289072
1013	1014	1.2497938577503198
1002	1014	6.047505489275535
1001	1014	6.658524722027432
1012	1014	1.747620596056622
1009	1014	3.1366033639166417
=========================
