
Tempo:390018.03466666664
Destinazione	 NEXTHOP	 Costo
1011	1012	1.911527407698232
1010	1012	2.567761145526034
1008	1012	3.1634637568221784
1007	1012	3.5793069175877346
1006	1012	3.9951500783532907
1005	1012	4.410993239118847
1004	1012	4.826836399884403
1003	1012	5.242679560649959
1002	1012	5.658522721415515
1013	1012	1.489040573990625
1012	1012	1.0
1001	1012	6.269541954167413
1009	1012	2.7476205960566222
=========================

Tempo:390018.03466666664
Destinazione	 NEXTHOP	 Costo
1011	1012	1.911527407698232
1010	1013	2.4315388155426243
1008	1012	3.1634637568221784
1007	1012	3.5793069175877346
1006	1012	3.9951500783532907
1005	1012	4.410993239118847
1004	1012	4.826836399884403
1003	1012	5.242679560649959
1002	1012	5.658522721415515
1013	1013	0.6839182194860022
1012	1012	1.0
1001	1012	6.269541954167413
1009	1012	2.7476205960566222
=========================

Tempo:395018.03466666664
Destinazione	 NEXTHOP	 Costo
1011	1012	1.911527407698232
1010	1013	2.4315388155426243
1008	1012	3.1634637568221784
1007	1012	3.5793069175877346
1006	1012	3.9951500783532907
1005	1012	4.410993239118847
1004	1012	4.826836399884403
1003	1012	5.242679560649959
1002	1012	5.658522721415515
1013	1013	0.6839182194860022
1012	1012	1.5678327897201771
1001	1012	6.269541954167413
1009	1012	2.7476205960566222
=========================

Tempo:395018.03466666664
Destinazione	 NEXTHOP	 Costo
1011	1013	1.7849514705000278
1010	1013	2.4315388155426243
1008	1012	3.1634637568221784
1007	1012	3.5793069175877346
1006	1012	3.9951500783532907
1005	1012	4.410993239118847
1004	1012	4.826836399884403
1003	1012	5.242679560649959
1002	1012	5.658522721415515
1013	1013	0.684293188405094
1012	1013	1.170658478591129
1001	1012	6.269541954167413
1009	1012	2.7476205960566222
=========================

Tempo:400018.03466666664
Destinazione	 NEXTHOP	 Costo
1011	1013	1.7849514705000278
1010	1013	2.4315388155426243
1008	1012	3.1634637568221784
1007	1012	3.5793069175877346
1006	1012	3.9951500783532907
1005	1012	4.410993239118847
1004	1012	4.826836399884403
1003	1012	5.242679560649959
1002	1012	5.658522721415515
1013	1013	0.684293188405094
1012	1012	1.6797113495622755
1001	1012	6.269541954167413
1009	1012	2.7476205960566222
=========================

Tempo:400018.03466666664
Destinazione	 NEXTHOP	 Costo
1011	1013	1.747620596056622
1010	1013	2.3049170423855294
1008	1013	3.1366033639166417
1007	1013	3.552446524682198
1006	1013	3.968289685447754
1005	1013	4.38413284621331
1004	1013	4.799976006978866
1003	1013	5.215819167744423
1002	1013	5.631662328509979
1013	1013	0.5572964463289072
1012	1013	1.2497938577503198
1001	1013	6.242681561261876
1009	1013	2.7207602031510856
=========================

Tempo:405018.03466666664
Destinazione	 NEXTHOP	 Costo
1011	1013	1.747620596056622
1010	1013	2.3049170423855294
1008	1013	3.1366033639166417
1007	1013	3.552446524682198
1006	1013	3.968289685447754
1005	1013	4.38413284621331
1004	1013	4.799976006978866
1003	1013	5.215819167744423
1002	1013	5.631662328509979
1013	1013	0.5572964463289072
1012	1012	1.8557637275385024
1001	1013	6.242681561261876
1009	1013	2.7207602031510856
=========================

Tempo:405018.03466666664
Destinazione	 NEXTHOP	 Costo
1011	1013	1.747620596056622
1010	1013	2.1683325873392225
1008	1013	3.0000189088703353
1007	1013	3.4158620696358915
1006	1013	3.8317052304014476
1005	1013	4.247548391167004
1004	1013	4.66339155193256
1003	1013	5.079234712698116
1002	1013	5.495077873463672
1013	1013	0.4207119912826007
1012	1013	1.41302007431284
1001	1013	6.10609710621557
1009	1013	2.584175748104779
=========================

Tempo:410018.03466666664
Destinazione	 NEXTHOP	 Costo
1011	1013	1.747620596056622
1010	1013	2.1683325873392225
1008	1013	3.0000189088703353
1007	1013	3.4158620696358915
1006	1013	3.8317052304014476
1005	1013	4.247548391167004
1004	1013	4.66339155193256
1003	1013	5.079234712698116
1002	1013	5.495077873463672
1013	1013	0.4207119912826007
1012	1012	2.170969798412021
1001	1013	6.10609710621557
1009	1013	2.584175748104779
=========================

Tempo:410018.03466666664
Destinazione	 NEXTHOP	 Costo
1011	1013	1.747620596056622
1010	1013	2.1634637568221784
1008	1013	2.9951500783532907
1007	1013	3.410993239118847
1006	1013	3.826836399884403
1005	1013	4.242679560649959
1004	1013	4.658522721415515
1003	1013	5.0743658821810715
1002	1013	5.490209042946628
1013	1013	0.41584316076555616
1012	1013	1.486372171100703
1001	1013	6.101228275698525
1009	1013	2.5793069175877346
=========================

Tempo:415018.03466666664
Destinazione	 NEXTHOP	 Costo
1011	1013	1.747620596056622
1010	1013	2.1634637568221784
1008	1013	2.9951500783532907
1007	1013	3.410993239118847
1006	1013	3.826836399884403
1005	1013	4.242679560649959
1004	1013	4.658522721415515
1003	1013	5.0743658821810715
1002	1013	5.490209042946628
1013	1013	0.41584316076555616
1012	1012	2.442341498385543
1001	1013	6.101228275698525
1009	1013	2.5793069175877346
=========================

Tempo:415018.03466666664
Destinazione	 NEXTHOP	 Costo
1011	1013	1.747620596056622
1010	1013	2.1634637568221784
1008	1013	2.9951500783532907
1007	1013	3.410993239118847
1006	1013	3.826836399884403
1005	1013	4.242679560649959
1004	1013	4.658522721415515
1003	1013	5.0743658821810715
1002	1013	5.490209042946628
1013	1013	0.4395188195416564
1012	1013	1.525658783394507
1001	1013	6.101228275698525
1009	1013	2.5793069175877346
=========================

Tempo:420018.03466666664
Destinazione	 NEXTHOP	 Costo
1011	1013	1.747620596056622
1010	1013	2.1634637568221784
1008	1013	2.9951500783532907
1007	1013	3.410993239118847
1006	1013	3.826836399884403
1005	1013	4.242679560649959
1004	1013	4.658522721415515
1003	1013	5.0743658821810715
1002	1013	5.490209042946628
1013	1013	0.4395188195416564
1012	1012	2.369044990398309
1001	1013	6.101228275698525
1009	1013	2.5793069175877346
=========================

Tempo:420018.03466666664
Destinazione	 NEXTHOP	 Costo
1011	1013	1.747620596056622
1010	1013	2.1634637568221784
1008	1013	2.9951500783532907
1007	1013	3.410993239118847
1006	1013	3.826836399884403
1005	1013	4.242679560649959
1004	1013	4.658522721415515
1003	1013	5.0743658821810715
1002	1013	5.490209042946628
1013	1013	0.4625118556936663
1012	1013	1.3740392633918985
1001	1013	6.101228275698525
1009	1013	2.5793069175877346
=========================

Tempo:420018.03466666664
Destinazione	 NEXTHOP	 Costo
1011	1013	1.747620596056622
1010	1013	2.1634637568221784
1008	1013	2.9951500783532907
1007	1013	3.410993239118847
1006	1013	3.826836399884403
1005	1013	4.242679560649959
1004	1013	4.658522721415515
1015	1015	1.0568902869439392
1003	1013	5.0743658821810715
1002	1013	5.490209042946628
1013	1013	0.4625118556936663
1012	1013	1.3740392633918985
1001	1013	6.101228275698525
1009	1013	2.5793069175877346
=========================

Tempo:425018.03466666664
Destinazione	 NEXTHOP	 Costo
1011	1013	1.747620596056622
1010	1013	2.1634637568221784
1008	1013	2.9951500783532907
1007	1013	3.410993239118847
1006	1013	3.826836399884403
1005	1013	4.242679560649959
1004	1013	4.658522721415515
1015	1015	1.0568902869439392
1003	1013	5.0743658821810715
1002	1013	5.490209042946628
1013	1013	0.4625118556936663
1012	1012	2.025545059868497
1001	1013	6.101228275698525
1009	1013	2.5793069175877346
=========================

Tempo:425018.03466666664
Destinazione	 NEXTHOP	 Costo
1011	1013	1.747620596056622
1010	1013	2.1634637568221784
1008	1013	2.9951500783532907
1007	1013	3.410993239118847
1006	1013	3.826836399884403
1005	1013	4.242679560649959
1004	1013	4.658522721415515
1015	1015	1.0568902869439392
1003	1013	5.0743658821810715
1002	1013	5.490209042946628
1013	1013	0.4863652901860349
1012	1013	1.1006582820949338
1001	1013	6.101228275698525
1009	1013	2.5793069175877346
=========================

Tempo:425018.03466666664
Destinazione	 NEXTHOP	 Costo
1011	1013	1.747620596056622
1010	1013	2.1634637568221784
1008	1013	2.9951500783532907
1007	1013	3.410993239118847
1006	1013	3.826836399884403
1005	1013	4.242679560649959
1004	1013	4.658522721415515
1015	1015	1.0893741353858195
1003	1013	5.0743658821810715
1002	1013	5.490209042946628
1013	1013	0.4863652901860349
1012	1013	1.1006582820949338
1001	1013	6.101228275698525
1009	1013	2.5793069175877346
=========================

Tempo:430018.03466666664
Destinazione	 NEXTHOP	 Costo
1011	1013	1.747620596056622
1010	1013	2.1634637568221784
1008	1013	2.9951500783532907
1007	1013	3.410993239118847
1006	1013	3.826836399884403
1005	1013	4.242679560649959
1004	1013	4.658522721415515
1015	1015	1.0893741353858195
1003	1013	5.0743658821810715
1002	1013	5.490209042946628
1013	1013	0.4863652901860349
1012	1012	2.2516884503573653
1001	1013	6.101228275698525
1009	1013	2.5793069175877346
=========================

Tempo:430018.03466666664
Destinazione	 NEXTHOP	 Costo
1011	1013	1.747620596056622
1010	1013	2.1634637568221784
1008	1013	2.9951500783532907
1007	1013	3.410993239118847
1006	1013	3.826836399884403
1005	1013	4.242679560649959
1004	1013	4.658522721415515
1015	1015	1.0893741353858195
1003	1013	5.0743658821810715
1002	1013	5.490209042946628
1013	1013	0.6924974114214126
1012	1013	1.1903241497277148
1001	1013	6.101228275698525
1009	1013	2.5793069175877346
=========================

Tempo:430018.03466666664
Destinazione	 NEXTHOP	 Costo
1011	1013	1.747620596056622
1010	1013	2.1634637568221784
1008	1013	2.9951500783532907
1007	1013	3.410993239118847
1006	1013	3.826836399884403
1005	1013	4.242679560649959
1004	1013	4.658522721415515
1015	1015	0.8249493898624018
1003	1013	5.0743658821810715
1002	1013	5.490209042946628
1013	1013	0.6924974114214126
1012	1013	1.1903241497277148
1001	1013	6.101228275698525
1009	1013	2.5793069175877346
=========================

Tempo:435018.03466666664
Destinazione	 NEXTHOP	 Costo
1011	1013	1.747620596056622
1010	1013	2.1634637568221784
1008	1013	2.9951500783532907
1007	1013	3.410993239118847
1006	1013	3.826836399884403
1005	1013	4.242679560649959
1004	1013	4.658522721415515
1015	1015	0.8249493898624018
1003	1013	5.0743658821810715
1002	1013	5.490209042946628
1013	1013	0.6924974114214126
1012	1012	2.7370986479937307
1001	1013	6.101228275698525
1009	1013	2.5793069175877346
=========================

Tempo:435018.03466666664
Destinazione	 NEXTHOP	 Costo
1011	1013	1.747620596056622
1010	1013	2.1634637568221784
1008	1013	2.9951500783532907
1007	1013	3.410993239118847
1006	1013	3.826836399884403
1005	1013	4.242679560649959
1004	1013	4.658522721415515
1015	1015	0.8249493898624018
1003	1013	5.0743658821810715
1002	1013	5.490209042946628
1013	1013	0.9923080830302393
1012	1013	1.4742475899348446
1001	1013	6.101228275698525
1009	1013	2.5793069175877346
=========================

Tempo:435018.03466666664
Destinazione	 NEXTHOP	 Costo
1011	1013	1.747620596056622
1010	1013	2.1634637568221784
1008	1013	2.9951500783532907
1007	1013	3.410993239118847
1006	1013	3.826836399884403
1005	1013	4.242679560649959
1004	1013	4.658522721415515
1015	1015	0.5429678982742572
1003	1013	5.0743658821810715
1002	1013	5.490209042946628
1013	1013	0.9923080830302393
1012	1013	1.4742475899348446
1001	1013	6.101228275698525
1009	1013	2.5793069175877346
=========================

Tempo:440018.03466666664
Destinazione	 NEXTHOP	 Costo
1011	1013	1.747620596056622
1010	1013	2.1634637568221784
1008	1013	2.9951500783532907
1007	1013	3.410993239118847
1006	1013	3.826836399884403
1005	1013	4.242679560649959
1004	1013	4.658522721415515
1015	1015	0.5429678982742572
1003	1013	5.0743658821810715
1002	1013	5.490209042946628
1013	1013	0.9923080830302393
1012	1012	2.8286619187760382
1001	1013	6.101228275698525
1009	1013	2.5793069175877346
=========================

Tempo:440018.03466666664
Destinazione	 NEXTHOP	 Costo
1011	1013	1.747620596056622
1010	1013	2.1634637568221784
1008	1013	2.9951500783532907
1007	1013	3.410993239118847
1006	1013	3.826836399884403
1005	1013	4.242679560649959
1004	1013	4.658522721415515
1015	1015	0.5429678982742572
1003	1013	5.0743658821810715
1002	1013	5.490209042946628
1013	1013	1.0705290103351468
1012	1013	1.5521904994333067
1001	1013	6.101228275698525
1009	1013	2.5793069175877346
=========================

Tempo:440018.03466666664
Destinazione	 NEXTHOP	 Costo
1011	1013	1.747620596056622
1010	1013	2.1634637568221784
1008	1013	2.9951500783532907
1007	1013	3.410993239118847
1006	1013	3.826836399884403
1005	1013	4.242679560649959
1004	1013	4.658522721415515
1015	1015	0.4891816954040285
1003	1013	5.0743658821810715
1002	1013	5.490209042946628
1013	1013	1.0705290103351468
1012	1013	1.5521904994333067
1001	1013	6.101228275698525
1009	1013	2.5793069175877346
=========================

Tempo:445018.03466666664
Destinazione	 NEXTHOP	 Costo
1011	1013	1.747620596056622
1010	1013	2.1634637568221784
1008	1013	2.9951500783532907
1007	1013	3.410993239118847
1006	1013	3.826836399884403
1005	1013	4.242679560649959
1004	1013	4.658522721415515
1015	1015	0.4891816954040285
1003	1013	5.0743658821810715
1002	1013	5.490209042946628
1013	1013	1.0705290103351468
1012	1012	2.834088548034778
1001	1013	6.101228275698525
1009	1013	2.5793069175877346
=========================

Tempo:445018.03466666664
Destinazione	 NEXTHOP	 Costo
1011	1013	1.747620596056622
1010	1013	2.1634637568221784
1008	1013	2.9951500783532907
1007	1013	3.410993239118847
1006	1013	3.826836399884403
1005	1013	4.242679560649959
1004	1013	4.658522721415515
1015	1015	0.4891816954040285
1003	1013	5.0743658821810715
1002	1013	5.490209042946628
1013	1013	1.0861399638528506
1012	1013	1.5860174976246635
1001	1013	6.101228275698525
1009	1013	2.5793069175877346
=========================

Tempo:445018.03466666664
Destinazione	 NEXTHOP	 Costo
1011	1013	1.747620596056622
1010	1013	2.1634637568221784
1008	1013	2.9951500783532907
1007	1013	3.410993239118847
1006	1013	3.826836399884403
1005	1013	4.242679560649959
1004	1013	4.658522721415515
1015	1015	0.48904057399062484
1003	1013	5.0743658821810715
1002	1013	5.490209042946628
1013	1013	1.0861399638528506
1012	1013	1.5860174976246635
1001	1013	6.101228275698525
1009	1013	2.5793069175877346
=========================

Tempo:450018.03466666664
Destinazione	 NEXTHOP	 Costo
1011	1013	1.747620596056622
1010	1013	2.1634637568221784
1008	1013	2.9951500783532907
1007	1013	3.410993239118847
1006	1013	3.826836399884403
1005	1013	4.242679560649959
1004	1013	4.658522721415515
1015	1015	0.48904057399062484
1003	1013	5.0743658821810715
1002	1013	5.490209042946628
1013	1013	1.0861399638528506
1012	1012	2.851910458796252
1001	1013	6.101228275698525
1009	1013	2.5793069175877346
=========================

Tempo:450018.03466666664
Destinazione	 NEXTHOP	 Costo
1011	1013	1.747620596056622
1010	1013	2.1634637568221784
1008	1013	2.9951500783532907
1007	1013	3.410993239118847
1006	1013	3.826836399884403
1005	1013	4.242679560649959
1004	1013	4.658522721415515
1015	1015	0.48904057399062484
1003	1013	5.0743658821810715
1002	1013	5.490209042946628
1013	1013	0.9115274076982322
1012	1013	1.5677611455260339
1001	1013	6.101228275698525
1009	1013	2.5793069175877346
=========================

Tempo:450018.03466666664
Destinazione	 NEXTHOP	 Costo
1011	1013	1.747620596056622
1010	1013	2.1634637568221784
1008	1013	2.9951500783532907
1007	1013	3.410993239118847
1006	1013	3.826836399884403
1005	1013	4.242679560649959
1004	1013	4.658522721415515
1015	1015	0.4979796611161938
1003	1013	5.0743658821810715
1002	1013	5.490209042946628
1013	1013	0.9115274076982322
1012	1013	1.5677611455260339
1001	1013	6.101228275698525
1009	1013	2.5793069175877346
=========================

Tempo:450018.03466666664
Destinazione	 NEXTHOP	 Costo
1011	1013	1.747620596056622
1010	1013	2.1634637568221784
1008	1013	2.9951500783532907
1007	1013	3.410993239118847
1006	1013	3.826836399884403
1005	1013	4.242679560649959
1016	1016	3.043566294254816
1004	1013	4.658522721415515
1015	1015	0.4979796611161938
1003	1013	5.0743658821810715
1002	1013	5.490209042946628
1013	1013	0.9115274076982322
1012	1013	1.5677611455260339
1001	1013	6.101228275698525
1009	1013	2.5793069175877346
=========================

Tempo:455018.03466666664
Destinazione	 NEXTHOP	 Costo
1011	1013	1.747620596056622
1010	1013	2.1634637568221784
1008	1013	2.9951500783532907
1007	1013	3.410993239118847
1006	1013	3.826836399884403
1005	1013	4.242679560649959
1016	1016	3.043566294254816
1004	1013	4.658522721415515
1015	1015	0.4979796611161938
1003	1013	5.0743658821810715
1002	1013	5.490209042946628
1013	1013	0.9115274076982322
1012	1012	2.8423322049273763
1001	1013	6.101228275698525
1009	1013	2.5793069175877346
=========================

Tempo:455018.03466666664
Destinazione	 NEXTHOP	 Costo
1011	1013	1.747620596056622
1010	1013	2.1634637568221784
1008	1013	2.9951500783532907
1007	1013	3.410993239118847
1006	1013	3.826836399884403
1005	1013	4.242679560649959
1016	1016	3.043566294254816
1004	1013	4.658522721415515
1015	1015	0.4979796611161938
1003	1013	5.0743658821810715
1002	1013	5.490209042946628
1013	1013	0.6142929919088989
1012	1013	1.5679551090740491
1001	1013	6.101228275698525
1009	1013	2.5793069175877346
=========================

Tempo:455018.03466666664
Destinazione	 NEXTHOP	 Costo
1011	1013	1.747620596056622
1010	1013	2.1634637568221784
1008	1013	2.9951500783532907
1007	1013	3.410993239118847
1006	1013	3.826836399884403
1005	1013	4.242679560649959
1016	1015	1.567525126794636
1004	1013	4.658522721415515
1015	1015	0.5106348398506969
1003	1013	5.0743658821810715
1002	1013	5.490209042946628
1013	1013	0.6142929919088989
1012	1013	1.5679551090740491
1001	1013	6.101228275698525
1009	1013	2.5793069175877346
=========================

Tempo:455018.03466666664
Destinazione	 NEXTHOP	 Costo
1011	1013	1.747620596056622
1010	1013	2.1634637568221784
1008	1013	2.9951500783532907
1007	1013	3.410993239118847
1006	1013	3.826836399884403
1005	1013	4.242679560649959
1016	1016	3.0561014233806683
1004	1013	4.658522721415515
1015	1015	0.5106348398506969
1003	1013	5.0743658821810715
1002	1013	5.490209042946628
1013	1013	0.6142929919088989
1012	1013	1.5679551090740491
1001	1013	6.101228275698525
1009	1013	2.5793069175877346
=========================

Tempo:460018.03466666664
Destinazione	 NEXTHOP	 Costo
1011	1013	1.747620596056622
1010	1013	2.1634637568221784
1008	1013	2.9951500783532907
1007	1013	3.410993239118847
1006	1013	3.826836399884403
1005	1013	4.242679560649959
1016	1016	3.0561014233806683
1004	1013	4.658522721415515
1015	1015	0.5106348398506969
1003	1013	5.0743658821810715
1002	1013	5.490209042946628
1013	1013	0.6142929919088989
1012	1012	2.7339546546370945
1001	1013	6.101228275698525
1009	1013	2.5793069175877346
=========================

Tempo:460018.03466666664
Destinazione	 NEXTHOP	 Costo
1011	1013	1.747620596056622
1010	1013	2.1634637568221784
1008	1013	2.9951500783532907
1007	1013	3.410993239118847
1006	1013	3.826836399884403
1005	1013	4.242679560649959
1016	1016	3.0561014233806683
1004	1013	4.658522721415515
1015	1015	0.5106348398506969
1003	1013	5.0743658821810715
1002	1013	5.490209042946628
1013	1013	0.49782673830630214
1012	1013	1.4859938100785588
1001	1013	6.101228275698525
1009	1013	2.5793069175877346
=========================

Tempo:460018.03466666664
Destinazione	 NEXTHOP	 Costo
1011	1013	1.747620596056622
1010	1013	2.1634637568221784
1008	1013	2.9951500783532907
1007	1013	3.410993239118847
1006	1013	3.826836399884403
1005	1013	4.242679560649959
1016	1015	1.8253678067955823
1004	1013	4.658522721415515
1015	1015	0.7359936714097627
1003	1013	5.0743658821810715
1002	1013	5.490209042946628
1013	1013	0.49782673830630214
1012	1013	1.4859938100785588
1001	1013	6.101228275698525
1009	1013	2.5793069175877346
=========================

Tempo:460018.03466666664
Destinazione	 NEXTHOP	 Costo
1011	1013	1.747620596056622
1010	1013	2.1634637568221784
1008	1013	2.9951500783532907
1007	1013	3.410993239118847
1006	1013	3.826836399884403
1005	1013	4.242679560649959
1016	1016	3.0582140205116914
1004	1013	4.658522721415515
1015	1015	0.7359936714097627
1003	1013	5.0743658821810715
1002	1013	5.490209042946628
1013	1013	0.49782673830630214
1012	1013	1.4859938100785588
1001	1013	6.101228275698525
1009	1013	2.5793069175877346
=========================

Tempo:465018.03466666664
Destinazione	 NEXTHOP	 Costo
1011	1013	1.747620596056622
1010	1013	2.1634637568221784
1008	1013	2.9951500783532907
1007	1013	3.410993239118847
1006	1013	3.826836399884403
1005	1013	4.242679560649959
1016	1016	3.0582140205116914
1004	1013	4.658522721415515
1015	1015	0.7359936714097627
1003	1013	5.0743658821810715
1002	1013	5.490209042946628
1013	1013	0.49782673830630214
1012	1012	2.236195379287064
1001	1013	6.101228275698525
1009	1013	2.5793069175877346
=========================

Tempo:465018.03466666664
Destinazione	 NEXTHOP	 Costo
1011	1013	1.747620596056622
1010	1013	2.1634637568221784
1008	1013	2.9951500783532907
1007	1013	3.410993239118847
1006	1013	3.826836399884403
1005	1013	4.242679560649959
1016	1016	3.0582140205116914
1004	1013	4.658522721415515
1015	1015	0.7359936714097627
1003	1013	5.0743658821810715
1002	1013	5.490209042946628
1013	1013	0.48193950690460535
1012	1013	1.158617773307785
1001	1013	6.101228275698525
1009	1013	2.5793069175877346
=========================

Tempo:465018.03466666664
Destinazione	 NEXTHOP	 Costo
1011	1013	1.747620596056622
1010	1013	2.1634637568221784
1008	1013	2.9951500783532907
1007	1013	3.410993239118847
1006	1013	3.826836399884403
1005	1013	4.242679560649959
1016	1015	1.8936556496065406
1004	1013	4.658522721415515
1015	1015	1.0687062597441388
1003	1013	5.0743658821810715
1002	1013	5.490209042946628
1013	1013	0.48193950690460535
1012	1013	1.158617773307785
1001	1013	6.101228275698525
1009	1013	2.5793069175877346
=========================

Tempo:465018.03466666664
Destinazione	 NEXTHOP	 Costo
1011	1013	1.747620596056622
1010	1013	2.1634637568221784
1008	1013	2.9951500783532907
1007	1013	3.410993239118847
1006	1013	3.826836399884403
1005	1013	4.242679560649959
1016	1016	3.04802871156001
1004	1013	4.658522721415515
1015	1015	1.0687062597441388
1003	1013	5.0743658821810715
1002	1013	5.490209042946628
1013	1013	0.48193950690460535
1012	1013	1.158617773307785
1001	1013	6.101228275698525
1009	1013	2.5793069175877346
=========================

Tempo:470018.03466666664
Destinazione	 NEXTHOP	 Costo
1011	1013	1.747620596056622
1010	1013	2.1634637568221784
1008	1013	2.9951500783532907
1007	1013	3.410993239118847
1006	1013	3.826836399884403
1005	1013	4.242679560649959
1016	1016	3.04802871156001
1004	1013	4.658522721415515
1015	1015	1.0687062597441388
1003	1013	5.0743658821810715
1002	1013	5.490209042946628
1013	1013	0.48193950690460535
1012	1012	1.9665796799555069
1001	1013	6.101228275698525
1009	1013	2.5793069175877346
=========================

Tempo:470018.03466666664
Destinazione	 NEXTHOP	 Costo
1011	1013	1.747620596056622
1010	1013	2.1634637568221784
1008	1013	2.9951500783532907
1007	1013	3.410993239118847
1006	1013	3.826836399884403
1005	1013	4.242679560649959
1016	1016	3.04802871156001
1004	1013	4.658522721415515
1015	1015	1.0687062597441388
1003	1013	5.0743658821810715
1002	1013	5.490209042946628
1013	1013	0.48166148909815976
1012	1013	0.9963732664319187
1001	1013	6.101228275698525
1009	1013	2.5793069175877346
=========================

Tempo:470018.03466666664
Destinazione	 NEXTHOP	 Costo
1011	1013	1.747620596056622
1010	1013	2.1634637568221784
1008	1013	2.9951500783532907
1007	1013	3.410993239118847
1006	1013	3.826836399884403
1005	1013	4.242679560649959
1016	1015	1.6811579328950204
1004	1013	4.658522721415515
1015	1015	1.1381900346207632
1003	1013	5.0743658821810715
1002	1013	5.490209042946628
1013	1013	0.48166148909815976
1012	1013	0.9963732664319187
1001	1013	6.101228275698525
1009	1013	2.5793069175877346
=========================

Tempo:470018.03466666664
Destinazione	 NEXTHOP	 Costo
1011	1013	1.747620596056622
1010	1013	2.1634637568221784
1008	1013	2.9951500783532907
1007	1013	3.410993239118847
1006	1013	3.826836399884403
1005	1013	4.242679560649959
1016	1016	3.0464607675826225
1004	1013	4.658522721415515
1015	1015	1.1381900346207632
1003	1013	5.0743658821810715
1002	1013	5.490209042946628
1013	1013	0.48166148909815976
1012	1013	0.9963732664319187
1001	1013	6.101228275698525
1009	1013	2.5793069175877346
=========================

Tempo:475018.03466666664
Destinazione	 NEXTHOP	 Costo
1011	1013	1.747620596056622
1010	1013	2.1634637568221784
1008	1013	2.9951500783532907
1007	1013	3.410993239118847
1006	1013	3.826836399884403
1005	1013	4.242679560649959
1016	1016	3.0464607675826225
1004	1013	4.658522721415515
1015	1015	1.1381900346207632
1003	1013	5.0743658821810715
1002	1013	5.490209042946628
1013	1013	0.48166148909815976
1012	1012	1.9921414098448964
1001	1013	6.101228275698525
1009	1013	2.5793069175877346
=========================

Tempo:475018.03466666664
Destinazione	 NEXTHOP	 Costo
1011	1013	1.747620596056622
1010	1013	2.1634637568221784
1008	1013	2.9951500783532907
1007	1013	3.410993239118847
1006	1013	3.826836399884403
1005	1013	4.242679560649959
1016	1016	3.0464607675826225
1004	1013	4.658522721415515
1015	1015	1.1381900346207632
1003	1013	5.0743658821810715
1002	1013	5.490209042946628
1013	1013	0.4998775337718128
1012	1013	1.0090368323976335
1001	1013	6.101228275698525
1009	1013	2.5793069175877346
=========================

Tempo:475018.03466666664
Destinazione	 NEXTHOP	 Costo
1011	1013	1.747620596056622
1010	1013	2.1634637568221784
1008	1013	2.9951500783532907
1007	1013	3.410993239118847
1006	1013	3.826836399884403
1005	1013	4.242679560649959
1016	1015	1.6206235682708827
1004	1013	4.658522721415515
1015	1015	1.1314418728668543
1003	1013	5.0743658821810715
1002	1013	5.490209042946628
1013	1013	0.4998775337718128
1012	1013	1.0090368323976335
1001	1013	6.101228275698525
1009	1013	2.5793069175877346
=========================

Tempo:475018.03466666664
Destinazione	 NEXTHOP	 Costo
1011	1013	1.747620596056622
1010	1013	2.1634637568221784
1008	1013	2.9951500783532907
1007	1013	3.410993239118847
1006	1013	3.826836399884403
1005	1013	4.242679560649959
1016	1016	3.0480771246436587
1004	1013	4.658522721415515
1015	1015	1.1314418728668543
1003	1013	5.0743658821810715
1002	1013	5.490209042946628
1013	1013	0.4998775337718128
1012	1013	1.0090368323976335
1001	1013	6.101228275698525
1009	1013	2.5793069175877346
=========================

Tempo:480018.03466666664
Destinazione	 NEXTHOP	 Costo
1011	1013	1.747620596056622
1010	1013	2.1634637568221784
1008	1013	2.9951500783532907
1007	1013	3.410993239118847
1006	1013	3.826836399884403
1005	1013	4.242679560649959
1016	1016	3.0480771246436587
1004	1013	4.658522721415515
1015	1015	1.1314418728668543
1003	1013	5.0743658821810715
1002	1013	5.490209042946628
1013	1013	0.4998775337718128
1012	1012	2.2670426868012603
1001	1013	6.101228275698525
1009	1013	2.5793069175877346
=========================

Tempo:480018.03466666664
Destinazione	 NEXTHOP	 Costo
1011	1013	1.747620596056622
1010	1013	2.1634637568221784
1008	1013	2.9951500783532907
1007	1013	3.410993239118847
1006	1013	3.826836399884403
1005	1013	4.242679560649959
1016	1016	3.0480771246436587
1004	1013	4.658522721415515
1015	1015	1.1314418728668543
1003	1013	5.0743658821810715
1002	1013	5.490209042946628
1013	1013	0.6562337378278017
1012	1013	1.172519958626157
1001	1013	6.101228275698525
1009	1013	2.5793069175877346
=========================

Tempo:480018.03466666664
Destinazione	 NEXTHOP	 Costo
1011	1013	1.747620596056622
1010	1013	2.1634637568221784
1008	1013	2.9951500783532907
1007	1013	3.410993239118847
1006	1013	3.826836399884403
1005	1013	4.242679560649959
1016	1015	1.4103276039461417
1004	1013	4.658522721415515
1015	1015	0.9212870299555167
1003	1013	5.0743658821810715
1002	1013	5.490209042946628
1013	1013	0.6562337378278017
1012	1013	1.172519958626157
1001	1013	6.101228275698525
1009	1013	2.5793069175877346
=========================

Tempo:480018.03466666664
Destinazione	 NEXTHOP	 Costo
1011	1013	1.747620596056622
1010	1013	2.1634637568221784
1008	1013	2.9951500783532907
1007	1013	3.410993239118847
1006	1013	3.826836399884403
1005	1013	4.242679560649959
1016	1016	2.7118834749451257
1004	1013	4.658522721415515
1015	1015	0.9212870299555167
1003	1013	5.0743658821810715
1002	1013	5.490209042946628
1013	1013	0.6562337378278017
1012	1013	1.172519958626157
1001	1013	6.101228275698525
1009	1013	2.5793069175877346
=========================

Tempo:485018.03466666664
Destinazione	 NEXTHOP	 Costo
1011	1013	1.747620596056622
1010	1013	2.1634637568221784
1008	1013	2.9951500783532907
1007	1013	3.410993239118847
1006	1013	3.826836399884403
1005	1013	4.242679560649959
1016	1016	2.7118834749451257
1004	1013	4.658522721415515
1015	1015	0.9212870299555167
1003	1013	5.0743658821810715
1002	1013	5.490209042946628
1013	1013	0.6562337378278017
1012	1012	2.773775393192772
1001	1013	6.101228275698525
1009	1013	2.5793069175877346
=========================

Tempo:485018.03466666664
Destinazione	 NEXTHOP	 Costo
1011	1013	1.747620596056622
1010	1013	2.1634637568221784
1008	1013	2.9951500783532907
1007	1013	3.410993239118847
1006	1013	3.826836399884403
1005	1013	4.242679560649959
1016	1016	2.7118834749451257
1004	1013	4.658522721415515
1015	1015	0.9212870299555167
1003	1013	5.0743658821810715
1002	1013	5.490209042946628
1013	1013	0.9536621171651503
1012	1013	1.4827814052726382
1001	1013	6.101228275698525
1009	1013	2.5793069175877346
=========================

Tempo:485018.03466666664
Destinazione	 NEXTHOP	 Costo
1011	1013	1.747620596056622
1010	1013	2.1634637568221784
1008	1013	2.9951500783532907
1007	1013	3.410993239118847
1006	1013	3.826836399884403
1017	1015	3.6512763480265438
1005	1013	4.242679560649959
1016	1015	1.1056897148879214
1004	1013	4.658522721415515
1015	1015	0.6077100537717277
1003	1013	5.0743658821810715
1002	1013	5.490209042946628
1013	1013	0.9536621171651503
1012	1013	1.4827814052726382
1001	1013	6.101228275698525
1009	1013	2.5793069175877346
=========================

Tempo:485018.03466666664
Destinazione	 NEXTHOP	 Costo
1011	1013	1.747620596056622
1010	1013	2.1634637568221784
1008	1013	2.9951500783532907
1007	1013	3.410993239118847
1006	1013	3.826836399884403
1017	1016	3.2301972390457703
1005	1013	4.242679560649959
1016	1016	2.1733069521018313
1004	1013	4.658522721415515
1015	1015	0.6077100537717277
1003	1013	5.0743658821810715
1002	1013	5.490209042946628
1013	1013	0.9536621171651503
1012	1013	1.4827814052726382
1001	1013	6.101228275698525
1009	1013	2.5793069175877346
=========================

Tempo:490018.03466666664
Destinazione	 NEXTHOP	 Costo
1011	1013	1.747620596056622
1010	1013	2.1634637568221784
1008	1013	2.9951500783532907
1007	1013	3.410993239118847
1006	1013	3.826836399884403
1017	1016	3.2301972390457703
1005	1013	4.242679560649959
1016	1016	2.1733069521018313
1004	1013	4.658522721415515
1015	1015	0.6077100537717277
1003	1013	5.0743658821810715
1002	1013	5.490209042946628
1013	1013	0.9536621171651503
1012	1012	2.9745935652864994
1001	1013	6.101228275698525
1009	1013	2.5793069175877346
=========================

Tempo:490018.03466666664
Destinazione	 NEXTHOP	 Costo
1011	1013	1.747620596056622
1010	1013	2.1634637568221784
1008	1013	2.9951500783532907
1007	1013	3.410993239118847
1006	1013	3.826836399884403
1017	1016	3.2301972390457703
1005	1013	4.242679560649959
1016	1016	2.1733069521018313
1004	1013	4.658522721415515
1015	1015	0.6077100537717277
1003	1013	5.0743658821810715
1002	1013	5.490209042946628
1013	1013	0.9881670717722566
1012	1013	1.6036569621605756
1001	1013	6.101228275698525
1009	1013	2.5793069175877346
=========================

Tempo:490018.03466666664
Destinazione	 NEXTHOP	 Costo
1011	1013	1.747620596056622
1010	1013	2.1634637568221784
1008	1013	2.9951500783532907
1007	1013	3.410993239118847
1006	1013	3.826836399884403
1017	1016	3.2301972390457703
1005	1013	4.242679560649959
1016	1015	0.9929069900869711
1004	1013	4.658522721415515
1015	1015	0.4822721502362742
1003	1013	5.0743658821810715
1002	1013	5.490209042946628
1013	1013	0.9881670717722566
1012	1013	1.6036569621605756
1001	1013	6.101228275698525
1009	1013	2.5793069175877346
=========================

Tempo:490018.03466666664
Destinazione	 NEXTHOP	 Costo
1011	1013	1.747620596056622
1010	1013	2.1634637568221784
1008	1013	2.9951500783532907
1007	1013	3.410993239118847
1006	1013	3.826836399884403
1017	1016	3.2301972390457703
1005	1013	4.242679560649959
1016	1016	2.332043597975167
1004	1013	4.658522721415515
1015	1015	0.4822721502362742
1003	1013	5.0743658821810715
1002	1013	5.490209042946628
1013	1013	0.9881670717722566
1012	1013	1.6036569621605756
1001	1013	6.101228275698525
1009	1013	2.5793069175877346
=========================

Tempo:495018.03466666664
Destinazione	 NEXTHOP	 Costo
1011	1013	1.747620596056622
1010	1013	2.1634637568221784
1008	1013	2.9951500783532907
1007	1013	3.410993239118847
1006	1013	3.826836399884403
1017	1016	3.2301972390457703
1005	1013	4.242679560649959
1016	1016	2.332043597975167
1004	1013	4.658522721415515
1015	1015	0.4822721502362742
1003	1013	5.0743658821810715
1002	1013	5.490209042946628
1013	1013	0.9881670717722566
1012	1012	2.9682296003971516
1001	1013	6.101228275698525
1009	1013	2.5793069175877346
=========================

Tempo:495018.03466666664
Destinazione	 NEXTHOP	 Costo
1011	1013	1.747620596056622
1010	1013	2.1634637568221784
1008	1013	2.9951500783532907
1007	1013	3.410993239118847
1006	1013	3.826836399884403
1017	1016	3.2301972390457703
1005	1013	4.242679560649959
1016	1016	2.332043597975167
1004	1013	4.658522721415515
1015	1015	0.4822721502362742
1003	1013	5.0743658821810715
1002	1013	5.490209042946628
1013	1013	0.6766782664031795
1012	1013	1.597337186212224
1001	1013	6.101228275698525
1009	1013	2.5793069175877346
=========================

Tempo:495018.03466666664
Destinazione	 NEXTHOP	 Costo
1011	1013	1.747620596056622
1010	1013	2.1634637568221784
1008	1013	2.9951500783532907
1007	1013	3.410993239118847
1006	1013	3.826836399884403
1017	1016	3.2301972390457703
1005	1013	4.242679560649959
1016	1015	1.2030465059999444
1004	1013	4.658522721415515
1015	1015	0.46705283459018176
1003	1013	5.0743658821810715
1002	1013	5.490209042946628
1013	1013	0.6766782664031795
1012	1013	1.597337186212224
1001	1013	6.101228275698525
1009	1013	2.5793069175877346
=========================

Tempo:495018.03466666664
Destinazione	 NEXTHOP	 Costo
1011	1013	1.747620596056622
1010	1013	2.1634637568221784
1008	1013	2.9951500783532907
1007	1013	3.410993239118847
1006	1013	3.826836399884403
1017	1016	3.2301972390457703
1005	1013	4.242679560649959
1016	1016	2.8353562699951906
1004	1013	4.658522721415515
1015	1015	0.46705283459018176
1003	1013	5.0743658821810715
1002	1013	5.490209042946628
1013	1013	0.6766782664031795
1012	1013	1.597337186212224
1001	1013	6.101228275698525
1009	1013	2.5793069175877346
=========================

Tempo:500018.03466666664
Destinazione	 NEXTHOP	 Costo
1011	1013	1.747620596056622
1010	1013	2.1634637568221784
1008	1013	2.9951500783532907
1007	1013	3.410993239118847
1006	1013	3.826836399884403
1017	1016	3.2301972390457703
1005	1013	4.242679560649959
1016	1016	2.8353562699951906
1004	1013	4.658522721415515
1015	1015	0.46705283459018176
1003	1013	5.0743658821810715
1002	1013	5.490209042946628
1013	1013	0.6766782664031795
1012	1012	2.9916659132923726
1001	1013	6.101228275698525
1009	1013	2.5793069175877346
=========================

Tempo:500018.03466666664
Destinazione	 NEXTHOP	 Costo
1011	1013	1.747620596056622
1010	1013	2.1634637568221784
1008	1013	2.9951500783532907
1007	1013	3.410993239118847
1006	1013	3.826836399884403
1017	1016	3.2301972390457703
1005	1013	4.242679560649959
1016	1016	2.8353562699951906
1004	1013	4.658522721415515
1015	1015	0.46705283459018176
1003	1013	5.0743658821810715
1002	1013	5.490209042946628
1013	1013	0.514711777333759
1012	1013	1.648056697435646
1001	1013	6.101228275698525
1009	1013	2.5793069175877346
=========================

Tempo:500018.03466666664
Destinazione	 NEXTHOP	 Costo
1011	1013	1.747620596056622
1010	1013	2.1634637568221784
1008	1013	2.9951500783532907
1007	1013	3.410993239118847
1006	1013	3.826836399884403
1017	1016	3.2301972390457703
1005	1013	4.242679560649959
1016	1015	1.5420173222865865
1004	1013	4.658522721415515
1015	1015	0.47331106254244765
1003	1013	5.0743658821810715
1002	1013	5.490209042946628
1013	1013	0.514711777333759
1012	1013	1.648056697435646
1001	1013	6.101228275698525
1009	1013	2.5793069175877346
=========================

Tempo:500018.03466666664
Destinazione	 NEXTHOP	 Costo
1011	1013	1.747620596056622
1010	1013	2.1634637568221784
1008	1013	2.9951500783532907
1007	1013	3.410993239118847
1006	1013	3.826836399884403
1017	1016	3.2301972390457703
1005	1013	4.242679560649959
1016	1016	2.9285727878768393
1004	1013	4.658522721415515
1015	1015	0.47331106254244765
1003	1013	5.0743658821810715
1002	1013	5.490209042946628
1013	1013	0.514711777333759
1012	1013	1.648056697435646
1001	1013	6.101228275698525
1009	1013	2.5793069175877346
=========================

Tempo:505018.03466666664
Destinazione	 NEXTHOP	 Costo
1011	1013	1.747620596056622
1010	1013	2.1634637568221784
1008	1013	2.9951500783532907
1007	1013	3.410993239118847
1006	1013	3.826836399884403
1017	1016	3.2301972390457703
1005	1013	4.242679560649959
1016	1016	2.9285727878768393
1004	1013	4.658522721415515
1015	1015	0.47331106254244765
1003	1013	5.0743658821810715
1002	1013	5.490209042946628
1013	1013	0.514711777333759
1012	1012	3.0417036062039258
1001	1013	6.101228275698525
1009	1013	2.5793069175877346
=========================

Tempo:505018.03466666664
Destinazione	 NEXTHOP	 Costo
1011	1013	1.747620596056622
1010	1013	2.1634637568221784
1008	1013	2.9951500783532907
1007	1013	3.410993239118847
1006	1013	3.826836399884403
1017	1016	3.2301972390457703
1005	1013	4.242679560649959
1016	1016	2.9285727878768393
1004	1013	4.658522721415515
1015	1015	0.47331106254244765
1003	1013	5.0743658821810715
1002	1013	5.490209042946628
1013	1013	0.5091592986258208
1012	1013	1.6458203468838186
1001	1013	6.101228275698525
1009	1013	2.5793069175877346
=========================

Tempo:505018.03466666664
Destinazione	 NEXTHOP	 Costo
1011	1013	1.747620596056622
1010	1013	2.1634637568221784
1008	1013	2.9951500783532907
1007	1013	3.410993239118847
1006	1013	3.826836399884403
1017	1016	3.2301972390457703
1005	1013	4.242679560649959
1016	1015	1.6365754039022993
1004	1013	4.658522721415515
1015	1015	0.49838536928153604
1003	1013	5.0743658821810715
1002	1013	5.490209042946628
1013	1013	0.5091592986258208
1012	1013	1.6458203468838186
1001	1013	6.101228275698525
1009	1013	2.5793069175877346
=========================

Tempo:505018.03466666664
Destinazione	 NEXTHOP	 Costo
1011	1013	1.747620596056622
1010	1013	2.1634637568221784
1008	1013	2.9951500783532907
1007	1013	3.410993239118847
1006	1013	3.826836399884403
1017	1016	3.2301972390457703
1005	1013	4.242679560649959
1016	1016	2.9168327890168433
1004	1013	4.658522721415515
1015	1015	0.49838536928153604
1003	1013	5.0743658821810715
1002	1013	5.490209042946628
1013	1013	0.5091592986258208
1012	1013	1.6458203468838186
1001	1013	6.101228275698525
1009	1013	2.5793069175877346
=========================

Tempo:510018.03466666664
Destinazione	 NEXTHOP	 Costo
1011	1013	1.747620596056622
1010	1013	2.1634637568221784
1008	1013	2.9951500783532907
1007	1013	3.410993239118847
1006	1013	3.826836399884403
1017	1016	3.2301972390457703
1005	1013	4.242679560649959
1016	1016	2.9168327890168433
1004	1013	4.658522721415515
1015	1015	0.49838536928153604
1003	1013	5.0743658821810715
1002	1013	5.490209042946628
1013	1013	0.5091592986258208
1012	1013	1.6458203468838186
1001	1013	6.101228275698525
1009	1013	2.5793069175877346
=========================

Tempo:510018.03466666664
Destinazione	 NEXTHOP	 Costo
1011	1013	1.747620596056622
1010	1013	2.1634637568221784
1008	1013	2.9951500783532907
1007	1013	3.410993239118847
1006	1013	3.826836399884403
1017	1016	3.2301972390457703
1005	1013	4.242679560649959
1016	1016	2.9168327890168433
1004	1013	4.658522721415515
1015	1015	0.49838536928153604
1003	1013	5.0743658821810715
1002	1013	5.490209042946628
1013	1013	0.5162862207983554
1012	1013	1.6458203468838186
1001	1013	6.101228275698525
1009	1013	2.5793069175877346
=========================

Tempo:510018.03466666664
Destinazione	 NEXTHOP	 Costo
1011	1013	1.747620596056622
1010	1013	2.1634637568221784
1008	1013	2.9951500783532907
1007	1013	3.410993239118847
1006	1013	3.826836399884403
1017	1016	3.2301972390457703
1005	1013	4.242679560649959
1016	1015	1.802525208898075
1004	1013	4.658522721415515
1015	1015	0.6710833360312208
1003	1013	5.0743658821810715
1002	1013	5.490209042946628
1013	1013	0.5162862207983554
1012	1013	1.6458203468838186
1001	1013	6.101228275698525
1009	1013	2.5793069175877346
=========================

Tempo:510018.03466666664
Destinazione	 NEXTHOP	 Costo
1011	1013	1.747620596056622
1010	1013	2.1634637568221784
1008	1013	2.9951500783532907
1007	1013	3.410993239118847
1006	1013	3.826836399884403
1017	1016	3.2301972390457703
1005	1013	4.242679560649959
1016	1016	2.9283137962668264
1004	1013	4.658522721415515
1015	1015	0.6710833360312208
1003	1013	5.0743658821810715
1002	1013	5.490209042946628
1013	1013	0.5162862207983554
1012	1013	1.6458203468838186
1001	1013	6.101228275698525
1009	1013	2.5793069175877346
=========================

Tempo:515018.03466666664
Destinazione	 NEXTHOP	 Costo
1011	1013	1.747620596056622
1010	1013	2.1634637568221784
1008	1013	2.9951500783532907
1007	1013	3.410993239118847
1006	1013	3.826836399884403
1017	1016	3.2301972390457703
1005	1013	4.242679560649959
1016	1016	2.9283137962668264
1004	1013	4.658522721415515
1015	1015	0.6710833360312208
1003	1013	5.0743658821810715
1002	1013	5.490209042946628
1013	1013	0.5162862207983554
1012	1013	1.6458203468838186
1001	1013	6.101228275698525
1009	1013	2.5793069175877346
=========================

Tempo:515018.03466666664
Destinazione	 NEXTHOP	 Costo
1011	1013	1.747620596056622
1010	1013	2.1634637568221784
1008	1013	2.9951500783532907
1007	1013	3.410993239118847
1006	1013	3.826836399884403
1017	1016	3.2301972390457703
1005	1013	4.242679560649959
1016	1016	2.9283137962668264
1004	1013	4.658522721415515
1015	1015	0.6710833360312208
1003	1013	5.0743658821810715
1002	1013	5.490209042946628
1013	1013	0.5291192881074879
1012	1013	1.6458203468838186
1001	1013	6.101228275698525
1009	1013	2.5793069175877346
=========================

Tempo:515018.03466666664
Destinazione	 NEXTHOP	 Costo
1011	1013	1.747620596056622
1010	1013	2.1634637568221784
1008	1013	2.9951500783532907
1007	1013	3.410993239118847
1006	1013	3.826836399884403
1017	1016	3.2301972390457703
1005	1013	4.242679560649959
1016	1015	1.9187301900492932
1004	1013	4.658522721415515
1015	1015	0.9974431600937766
1003	1013	5.0743658821810715
1002	1013	5.490209042946628
1013	1013	0.5291192881074879
1012	1013	1.6458203468838186
1001	1013	6.101228275698525
1009	1013	2.5793069175877346
=========================

Tempo:515018.03466666664
Destinazione	 NEXTHOP	 Costo
1011	1013	1.747620596056622
1010	1013	2.1634637568221784
1008	1013	2.9951500783532907
1007	1013	3.410993239118847
1018	1016	5.982669683212336
1006	1013	3.826836399884403
1017	1016	3.2301972390457703
1005	1013	4.242679560649959
1016	1016	2.93910338895752
1004	1013	4.658522721415515
1015	1015	0.9974431600937766
1003	1013	5.0743658821810715
1002	1013	5.490209042946628
1013	1013	0.5291192881074879
1012	1013	1.6458203468838186
1001	1013	6.101228275698525
1009	1013	2.5793069175877346
=========================

Tempo:520018.03466666664
Destinazione	 NEXTHOP	 Costo
1011	1013	1.747620596056622
1010	1013	2.1634637568221784
1008	1013	2.9951500783532907
1007	1013	3.410993239118847
1018	1016	5.982669683212336
1006	1013	3.826836399884403
1017	1016	3.2301972390457703
1005	1013	4.242679560649959
1016	1016	2.93910338895752
1004	1013	4.658522721415515
1015	1015	0.9974431600937766
1003	1013	5.0743658821810715
1002	1013	5.490209042946628
1013	1013	0.5291192881074879
1012	1013	1.6458203468838186
1001	1013	6.101228275698525
1009	1013	2.5793069175877346
=========================

Tempo:520018.03466666664
Destinazione	 NEXTHOP	 Costo
1011	1013	1.747620596056622
1010	1013	2.1634637568221784
1008	1013	2.9951500783532907
1007	1013	3.410993239118847
1018	1016	5.982669683212336
1006	1013	3.826836399884403
1017	1016	3.2301972390457703
1005	1013	4.242679560649959
1016	1016	2.93910338895752
1004	1013	4.658522721415515
1015	1015	0.9974431600937766
1003	1013	5.0743658821810715
1002	1013	5.490209042946628
1013	1013	0.6154898903883189
1012	1013	1.6458203468838186
1001	1013	6.101228275698525
1009	1013	2.5793069175877346
=========================

Tempo:520018.03466666664
Destinazione	 NEXTHOP	 Costo
1011	1013	1.747620596056622
1010	1013	2.1634637568221784
1008	1013	2.9951500783532907
1007	1013	3.410993239118847
1018	1015	4.271546119593973
1006	1013	3.826836399884403
1017	1015	3.2146558326500334
1005	1013	4.242679560649959
1016	1015	1.6490589343199298
1004	1013	4.658522721415515
1015	1015	1.041348880548202
1003	1013	5.0743658821810715
1002	1013	5.490209042946628
1013	1013	0.6154898903883189
1012	1013	1.6458203468838186
1001	1013	6.101228275698525
1009	1013	2.5793069175877346
=========================

Tempo:520018.03466666664
Destinazione	 NEXTHOP	 Costo
1011	1013	1.747620596056622
1010	1013	2.1634637568221784
1008	1013	2.9951500783532907
1007	1013	3.410993239118847
1018	1015	4.271546119593973
1006	1013	3.826836399884403
1017	1015	3.2146558326500334
1005	1013	4.242679560649959
1016	1016	2.796234116516257
1004	1013	4.658522721415515
1015	1015	1.041348880548202
1003	1013	5.0743658821810715
1002	1013	5.490209042946628
1013	1013	0.6154898903883189
1012	1013	1.6458203468838186
1001	1013	6.101228275698525
1009	1013	2.5793069175877346
=========================

Tempo:525018.0346666666
Destinazione	 NEXTHOP	 Costo
1011	1013	1.747620596056622
1010	1013	2.1634637568221784
1008	1013	2.9951500783532907
1007	1013	3.410993239118847
1018	1015	4.271546119593973
1006	1013	3.826836399884403
1017	1015	3.2146558326500334
1005	1013	4.242679560649959
1016	1016	2.796234116516257
1004	1013	4.658522721415515
1015	1015	1.041348880548202
1003	1013	5.0743658821810715
1002	1013	5.490209042946628
1013	1013	0.9206589198090446
1012	1013	1.6458203468838186
1001	1013	6.101228275698525
1009	1013	2.5793069175877346
=========================

Tempo:525018.0346666666
Destinazione	 NEXTHOP	 Costo
1011	1013	1.747620596056622
1010	1013	2.1634637568221784
1008	1013	2.9951500783532907
1007	1013	3.410993239118847
1018	1015	3.9382615068949716
1006	1013	3.826836399884403
1017	1015	3.040107865824368
1005	1013	4.242679560649959
1016	1015	1.1903364180854756
1004	1013	4.658522721415515
1015	1015	0.7080642678492014
1003	1013	5.0743658821810715
1002	1013	5.490209042946628
1013	1013	0.9206589198090446
1012	1013	1.6458203468838186
1001	1013	6.101228275698525
1009	1013	2.5793069175877346
=========================

Tempo:525018.0346666666
Destinazione	 NEXTHOP	 Costo
1011	1013	1.747620596056622
1010	1013	2.1634637568221784
1008	1013	2.9951500783532907
1007	1013	3.410993239118847
1018	1015	3.9382615068949716
1006	1013	3.826836399884403
1017	1016	3.0084477984226603
1005	1013	4.242679560649959
1016	1016	2.2724541270128977
1004	1013	4.658522721415515
1015	1015	0.7080642678492014
1003	1013	5.0743658821810715
1002	1013	5.490209042946628
1013	1013	0.9206589198090446
1012	1013	1.6458203468838186
1001	1013	6.101228275698525
1009	1013	2.5793069175877346
=========================

Tempo:530018.0346666666
Destinazione	 NEXTHOP	 Costo
1011	1013	1.747620596056622
1010	1013	2.1634637568221784
1008	1013	2.9951500783532907
1007	1013	3.410993239118847
1018	1015	3.9382615068949716
1006	1013	3.826836399884403
1017	1016	3.0084477984226603
1005	1013	4.242679560649959
1016	1016	2.2724541270128977
1004	1013	4.658522721415515
1015	1015	0.7080642678492014
1003	1013	5.0743658821810715
1002	1013	5.490209042946628
1013	1013	1.133344920101887
1012	1013	1.6458203468838186
1001	1013	6.101228275698525
1009	1013	2.5793069175877346
=========================

Tempo:530018.0346666666
Destinazione	 NEXTHOP	 Costo
1011	1013	1.747620596056622
1010	1013	2.1634637568221784
1008	1013	2.9951500783532907
1007	1013	3.410993239118847
1018	1015	3.763736909887141
1006	1013	3.826836399884403
1017	1016	3.0084477984226603
1005	1013	4.242679560649959
1016	1015	1.0005925054315523
1004	1013	4.658522721415515
1015	1015	0.5335396708413706
1003	1013	5.0743658821810715
1002	1013	5.490209042946628
1013	1013	1.133344920101887
1012	1013	1.6458203468838186
1001	1013	6.101228275698525
1009	1013	2.5793069175877346
=========================

Tempo:530018.0346666666
Destinazione	 NEXTHOP	 Costo
1011	1013	1.747620596056622
1010	1013	2.1634637568221784
1008	1013	2.9951500783532907
1007	1013	3.410993239118847
1018	1015	3.763736909887141
1006	1013	3.826836399884403
1017	1016	3.0084477984226603
1005	1013	4.242679560649959
1016	1016	2.007480114332622
1004	1013	4.658522721415515
1015	1015	0.5335396708413706
1003	1013	5.0743658821810715
1002	1013	5.490209042946628
1013	1013	1.133344920101887
1012	1013	1.6458203468838186
1001	1013	6.101228275698525
1009	1013	2.5793069175877346
=========================

Tempo:535018.0346666666
Destinazione	 NEXTHOP	 Costo
1011	1013	1.747620596056622
1010	1013	2.1634637568221784
1008	1013	2.9951500783532907
1007	1013	3.410993239118847
1018	1015	3.763736909887141
1006	1013	3.826836399884403
1017	1016	3.0084477984226603
1005	1013	4.242679560649959
1016	1016	2.007480114332622
1004	1013	4.658522721415515
1015	1015	0.5335396708413706
1003	1013	5.0743658821810715
1002	1013	5.490209042946628
1013	1013	1.1366610482579977
1012	1013	1.6458203468838186
1001	1013	6.101228275698525
1009	1013	2.5793069175877346
=========================

Tempo:535018.0346666666
Destinazione	 NEXTHOP	 Costo
1011	1013	1.747620596056622
1010	1013	2.1634637568221784
1008	1013	2.9951500783532907
1007	1013	3.410993239118847
1018	1015	3.7540287707548945
1006	1013	3.826836399884403
1017	1016	3.0084477984226603
1005	1013	4.242679560649959
1016	1015	0.9971425942515721
1004	1013	4.658522721415515
1015	1015	0.5238315317091244
1003	1013	5.0743658821810715
1002	1013	5.490209042946628
1013	1013	1.1366610482579977
1012	1013	1.6458203468838186
1001	1013	6.101228275698525
1009	1013	2.5793069175877346
=========================

Tempo:535018.0346666666
Destinazione	 NEXTHOP	 Costo
1011	1013	1.747620596056622
1010	1013	2.1634637568221784
1008	1013	2.9951500783532907
1007	1013	3.410993239118847
1018	1015	3.7540287707548945
1006	1013	3.826836399884403
1017	1016	3.0084477984226603
1005	1013	4.242679560649959
1016	1016	2.0457087165655086
1004	1013	4.658522721415515
1015	1015	0.5238315317091244
1003	1013	5.0743658821810715
1002	1013	5.490209042946628
1013	1013	1.1366610482579977
1012	1013	1.6458203468838186
1001	1013	6.101228275698525
1009	1013	2.5793069175877346
=========================

Tempo:540018.0346666666
Destinazione	 NEXTHOP	 Costo
1011	1013	1.747620596056622
1010	1013	2.1634637568221784
1008	1013	2.9951500783532907
1007	1013	3.410993239118847
1018	1015	3.7540287707548945
1006	1013	3.826836399884403
1017	1016	3.0084477984226603
1005	1013	4.242679560649959
1016	1016	2.0457087165655086
1004	1013	4.658522721415515
1015	1015	0.5238315317091244
1003	1013	5.0743658821810715
1002	1013	5.490209042946628
1013	1013	1.1401575250636495
1012	1013	1.6458203468838186
1001	1013	6.101228275698525
1009	1013	2.5793069175877346
=========================

Tempo:540018.0346666666
Destinazione	 NEXTHOP	 Costo
1011	1013	1.747620596056622
1010	1013	2.1634637568221784
1008	1013	2.9951500783532907
1007	1013	3.410993239118847
1018	1015	3.753901476868518
1006	1013	3.826836399884403
1017	1016	3.0084477984226603
1005	1013	4.242679560649959
1016	1015	1.0220896071042838
1004	1013	4.658522721415515
1015	1015	0.5237042378227477
1003	1013	5.0743658821810715
1002	1013	5.490209042946628
1013	1013	1.1401575250636495
1012	1013	1.6458203468838186
1001	1013	6.101228275698525
1009	1013	2.5793069175877346
=========================

Tempo:540018.0346666666
Destinazione	 NEXTHOP	 Costo
1011	1013	1.747620596056622
1010	1013	2.1634637568221784
1008	1013	2.9951500783532907
1007	1013	3.410993239118847
1018	1015	3.753901476868518
1006	1013	3.826836399884403
1017	1016	3.0084477984226603
1005	1013	4.242679560649959
1016	1016	2.345803225280719
1004	1013	4.658522721415515
1015	1015	0.5237042378227477
1003	1013	5.0743658821810715
1002	1013	5.490209042946628
1013	1013	1.1401575250636495
1012	1013	1.6458203468838186
1001	1013	6.101228275698525
1009	1013	2.5793069175877346
=========================

Tempo:545018.0346666666
Destinazione	 NEXTHOP	 Costo
1011	1013	1.747620596056622
1010	1013	2.1634637568221784
1008	1013	2.9951500783532907
1007	1013	3.410993239118847
1018	1015	3.753901476868518
1006	1013	3.826836399884403
1017	1016	3.0084477984226603
1005	1013	4.242679560649959
1016	1016	2.345803225280719
1004	1013	4.658522721415515
1015	1015	0.5237042378227477
1003	1013	5.0743658821810715
1002	1013	5.490209042946628
1013	1013	1.1428077377935673
1012	1013	1.6458203468838186
1001	1013	6.101228275698525
1009	1013	2.5793069175877346
=========================

Tempo:545018.0346666666
Destinazione	 NEXTHOP	 Costo
1011	1013	1.747620596056622
1010	1013	2.1634637568221784
1008	1013	2.9951500783532907
1007	1013	3.410993239118847
1018	1015	3.753901476868518
1006	1013	3.826836399884403
1017	1016	3.0084477984226603
1005	1013	4.242679560649959
1016	1015	1.2038671369326033
1004	1013	4.658522721415515
1015	1015	0.5327838009013826
1003	1013	5.0743658821810715
1002	1013	5.490209042946628
1013	1013	1.1428077377935673
1012	1013	1.6458203468838186
1001	1013	6.101228275698525
1009	1013	2.5793069175877346
=========================

Tempo:545018.0346666666
Destinazione	 NEXTHOP	 Costo
1011	1013	1.747620596056622
1010	1013	2.1634637568221784
1008	1013	2.9951500783532907
1007	1013	3.410993239118847
1018	1015	3.753901476868518
1006	1013	3.826836399884403
1017	1016	3.0084477984226603
1005	1013	4.242679560649959
1016	1016	2.904665289296119
1004	1013	4.658522721415515
1015	1015	0.5327838009013826
1003	1013	5.0743658821810715
1002	1013	5.490209042946628
1013	1013	1.1428077377935673
1012	1013	1.6458203468838186
1001	1013	6.101228275698525
1009	1013	2.5793069175877346
=========================

Tempo:550018.0346666666
Destinazione	 NEXTHOP	 Costo
1011	1013	1.747620596056622
1010	1013	2.1634637568221784
1008	1013	2.9951500783532907
1007	1013	3.410993239118847
1018	1015	3.753901476868518
1006	1013	3.826836399884403
1017	1016	3.0084477984226603
1005	1013	4.242679560649959
1016	1016	2.904665289296119
1004	1013	4.658522721415515
1015	1015	0.5327838009013826
1003	1013	5.0743658821810715
1002	1013	5.490209042946628
1013	1013	1.1440687761410016
1012	1013	1.6458203468838186
1001	1013	6.101228275698525
1009	1013	2.5793069175877346
=========================

Tempo:550018.0346666666
Destinazione	 NEXTHOP	 Costo
1011	1013	1.747620596056622
1010	1013	2.1634637568221784
1008	1013	2.9951500783532907
1019	1015	6.601623920692902
1007	1013	3.410993239118847
1018	1015	3.753901476868518
1006	1013	3.826836399884403
1017	1016	3.0084477984226603
1005	1013	4.242679560649959
1016	1015	1.6163973975743433
1004	1013	4.658522721415515
1015	1015	0.6189542374805667
1003	1013	5.0743658821810715
1002	1013	5.490209042946628
1013	1013	1.1440687761410016
1012	1013	1.6458203468838186
1001	1013	6.101228275698525
1009	1013	2.5793069175877346
=========================

Tempo:550018.0346666666
Destinazione	 NEXTHOP	 Costo
1011	1013	1.747620596056622
1010	1013	2.1634637568221784
1008	1013	2.9951500783532907
1019	1016	6.364077334717027
1007	1013	3.410993239118847
1018	1015	3.753901476868518
1006	1013	3.826836399884403
1017	1016	3.0084477984226603
1005	1013	4.242679560649959
1016	1016	3.1338800956712576
1004	1013	4.658522721415515
1015	1015	0.6189542374805667
1003	1013	5.0743658821810715
1002	1013	5.490209042946628
1013	1013	1.1440687761410016
1012	1013	1.6458203468838186
1001	1013	6.101228275698525
1009	1013	2.5793069175877346
=========================

Tempo:555018.0346666666
Destinazione	 NEXTHOP	 Costo
1011	1013	1.747620596056622
1010	1013	2.1634637568221784
1008	1013	2.9951500783532907
1019	1016	6.364077334717027
1007	1013	3.410993239118847
1018	1015	3.753901476868518
1006	1013	3.826836399884403
1017	1016	3.0084477984226603
1005	1013	4.242679560649959
1016	1016	3.1338800956712576
1004	1013	4.658522721415515
1015	1015	0.6189542374805667
1003	1013	5.0743658821810715
1002	1013	5.490209042946628
1013	1013	1.1421081031218883
1012	1013	1.6458203468838186
1001	1013	6.101228275698525
1009	1013	2.5793069175877346
=========================

Tempo:555018.0346666666
Destinazione	 NEXTHOP	 Costo
1011	1013	1.747620596056622
1010	1013	2.1634637568221784
1008	1013	2.9951500783532907
1019	1015	5.197353612435519
1007	1013	3.410993239118847
1018	1015	3.753901476868518
1006	1013	3.826836399884403
1017	1016	3.0084477984226603
1005	1013	4.242679560649959
1016	1015	1.9671563733897486
1004	1013	4.658522721415515
1015	1015	0.9258074928415465
1003	1013	5.0743658821810715
1002	1013	5.490209042946628
1013	1013	1.1421081031218883
1012	1013	1.6458203468838186
1001	1013	6.101228275698525
1009	1013	2.5793069175877346
=========================

Tempo:555018.0346666666
Destinazione	 NEXTHOP	 Costo
1011	1013	1.747620596056622
1010	1013	2.1634637568221784
1008	1013	2.9951500783532907
1019	1015	5.197353612435519
1007	1013	3.410993239118847
1018	1015	3.753901476868518
1006	1013	3.826836399884403
1017	1016	3.0084477984226603
1005	1013	4.242679560649959
1016	1016	3.1112363114809023
1004	1013	4.658522721415515
1015	1015	0.9258074928415465
1003	1013	5.0743658821810715
1002	1013	5.490209042946628
1013	1013	1.1421081031218883
1012	1013	1.6458203468838186
1001	1013	6.101228275698525
1009	1013	2.5793069175877346
=========================

Tempo:560018.0346666666
Destinazione	 NEXTHOP	 Costo
1011	1013	1.747620596056622
1010	1013	2.1634637568221784
1008	1013	2.9951500783532907
1019	1015	5.197353612435519
1007	1013	3.410993239118847
1018	1015	3.753901476868518
1006	1013	3.826836399884403
1017	1016	3.0084477984226603
1005	1013	4.242679560649959
1016	1016	3.1112363114809023
1004	1013	4.658522721415515
1015	1015	0.9258074928415465
1003	1013	5.0743658821810715
1002	1013	5.490209042946628
1013	1013	1.1345236773784806
1012	1013	1.6458203468838186
1001	1013	6.101228275698525
1009	1013	2.5793069175877346
=========================

Tempo:560018.0346666666
Destinazione	 NEXTHOP	 Costo
1011	1013	1.747620596056622
1010	1013	2.1634637568221784
1008	1013	2.9951500783532907
1019	1015	5.071562241751829
1007	1013	3.410993239118847
1018	1015	3.753901476868518
1006	1013	3.826836399884403
1017	1016	3.0084477984226603
1005	1013	4.242679560649959
1016	1015	1.8413650027060595
1004	1013	4.658522721415515
1015	1015	1.133300734856858
1003	1013	5.0743658821810715
1002	1013	5.490209042946628
1013	1013	1.1345236773784806
1012	1013	1.6458203468838186
1001	1013	6.101228275698525
1009	1013	2.5793069175877346
=========================

Tempo:560018.0346666666
Destinazione	 NEXTHOP	 Costo
1011	1013	1.747620596056622
1010	1013	2.1634637568221784
1008	1013	2.9951500783532907
1019	1015	5.071562241751829
1007	1013	3.410993239118847
1018	1015	3.753901476868518
1006	1013	3.826836399884403
1017	1016	3.0084477984226603
1005	1013	4.242679560649959
1016	1016	3.0934867984146863
1004	1013	4.658522721415515
1015	1015	1.133300734856858
1003	1013	5.0743658821810715
1002	1013	5.490209042946628
1013	1013	1.1345236773784806
1012	1013	1.6458203468838186
1001	1013	6.101228275698525
1009	1013	2.5793069175877346
=========================

Tempo:565018.0346666666
Destinazione	 NEXTHOP	 Costo
1011	1013	1.747620596056622
1010	1013	2.1634637568221784
1008	1013	2.9951500783532907
1019	1015	5.071562241751829
1007	1013	3.410993239118847
1018	1015	3.753901476868518
1006	1013	3.826836399884403
1017	1016	3.0084477984226603
1005	1013	4.242679560649959
1016	1016	3.0934867984146863
1004	1013	4.658522721415515
1015	1015	1.133300734856858
1003	1013	5.0743658821810715
1002	1013	5.490209042946628
1013	1013	1.1252427799675087
1012	1013	1.6458203468838186
1001	1013	6.101228275698525
1009	1013	2.5793069175877346
=========================

Tempo:565018.0346666666
Destinazione	 NEXTHOP	 Costo
1011	1013	1.747620596056622
1010	1013	2.1634637568221784
1008	1013	2.9951500783532907
1019	1015	4.887871346669097
1007	1013	3.410993239118847
1018	1015	3.753901476868518
1006	1013	3.826836399884403
1017	1016	3.0084477984226603
1005	1013	4.242679560649959
1016	1015	1.6576741076233263
1004	1013	4.658522721415515
1015	1015	1.1241344367819557
1003	1013	5.0743658821810715
1002	1013	5.490209042946628
1013	1013	1.1252427799675087
1012	1013	1.6458203468838186
1001	1013	6.101228275698525
1009	1013	2.5793069175877346
=========================

Tempo:565018.0346666666
Destinazione	 NEXTHOP	 Costo
1011	1013	1.747620596056622
1010	1013	2.1634637568221784
1008	1013	2.9951500783532907
1019	1015	4.887871346669097
1007	1013	3.410993239118847
1018	1015	3.753901476868518
1006	1013	3.826836399884403
1017	1016	3.0084477984226603
1005	1013	4.242679560649959
1016	1016	3.0863845475574205
1004	1013	4.658522721415515
1015	1015	1.1241344367819557
1003	1013	5.0743658821810715
1002	1013	5.490209042946628
1013	1013	1.1252427799675087
1012	1013	1.6458203468838186
1001	1013	6.101228275698525
1009	1013	2.5793069175877346
=========================

Tempo:570018.0346666666
Destinazione	 NEXTHOP	 Costo
1011	1013	1.747620596056622
1010	1013	2.1634637568221784
1008	1013	2.9951500783532907
1019	1015	4.887871346669097
1007	1013	3.410993239118847
1018	1015	3.753901476868518
1006	1013	3.826836399884403
1017	1016	3.0084477984226603
1005	1013	4.242679560649959
1016	1016	3.0863845475574205
1004	1013	4.658522721415515
1015	1015	1.1241344367819557
1003	1013	5.0743658821810715
1002	1013	5.490209042946628
1013	1013	1.1164282534057517
1012	1013	1.6458203468838186
1001	1013	6.101228275698525
1009	1013	2.5793069175877346
=========================

Tempo:570018.0346666666
Destinazione	 NEXTHOP	 Costo
1011	1013	1.747620596056622
1010	1013	2.1634637568221784
1008	1013	2.9951500783532907
1019	1015	4.8694533323209415
1007	1013	3.410993239118847
1018	1015	3.753901476868518
1006	1013	3.826836399884403
1017	1016	3.0084477984226603
1005	1013	4.242679560649959
1016	1015	1.6392560932751714
1004	1013	4.658522721415515
1015	1015	1.115424561566047
1003	1013	5.0743658821810715
1002	1013	5.490209042946628
1013	1013	1.1164282534057517
1012	1013	1.6458203468838186
1001	1013	6.101228275698525
1009	1013	2.5793069175877346
=========================

Tempo:570018.0346666666
Destinazione	 NEXTHOP	 Costo
1011	1013	1.747620596056622
1010	1013	2.1634637568221784
1008	1013	2.9951500783532907
1019	1015	4.8694533323209415
1007	1013	3.410993239118847
1018	1015	3.753901476868518
1006	1013	3.826836399884403
1005	1013	4.242679560649959
1016	1015	1.6392560932751714
1004	1013	4.658522721415515
1015	1015	1.115424561566047
1003	1013	5.0743658821810715
1002	1013	5.490209042946628
1013	1013	1.1164282534057517
1012	1013	1.6458203468838186
1001	1013	6.101228275698525
1009	1013	2.5793069175877346
=========================

Tempo:575018.0346666666
Destinazione	 NEXTHOP	 Costo
1011	1013	1.747620596056622
1010	1013	2.1634637568221784
1008	1013	2.9951500783532907
1019	1015	4.8694533323209415
1007	1013	3.410993239118847
1018	1015	3.753901476868518
1006	1013	3.826836399884403
1017	1013	4.868339503720326
1005	1013	4.242679560649959
1016	1015	1.6392560932751714
1004	1013	4.658522721415515
1015	1015	1.115424561566047
1003	1013	5.0743658821810715
1002	1013	5.490209042946628
1013	1013	1.1144380268518075
1012	1013	1.6458203468838186
1001	1013	6.101228275698525
1009	1013	2.5793069175877346
=========================

Tempo:575018.0346666666
Destinazione	 NEXTHOP	 Costo
1011	1013	1.747620596056622
1010	1013	2.1634637568221784
1008	1013	2.9951500783532907
1019	1015	4.8673696899334455
1007	1013	3.410993239118847
1018	1015	3.753901476868518
1006	1013	3.826836399884403
1017	1015	3.459271438345647
1005	1013	4.242679560649959
1016	1015	1.6371724508876755
1004	1013	4.658522721415515
1015	1015	1.1134682130649278
1003	1013	5.0743658821810715
1002	1013	5.490209042946628
1013	1013	1.1144380268518075
1012	1013	1.6458203468838186
1001	1013	6.101228275698525
1009	1013	2.5793069175877346
=========================

Tempo:575018.0346666666
Destinazione	 NEXTHOP	 Costo
1011	1013	1.747620596056622
1010	1013	2.1634637568221784
1008	1013	2.9951500783532907
1019	1015	4.8673696899334455
1007	1013	3.410993239118847
1018	1015	3.753901476868518
1006	1013	3.826836399884403
1017	1015	3.459271438345647
1005	1013	4.242679560649959
1016	1015	1.6371724508876755
1004	1013	4.658522721415515
1015	1015	1.1134682130649278
1003	1013	5.0743658821810715
1002	1013	5.490209042946628
1013	1013	1.1144380268518075
1012	1013	1.6458203468838186
1001	1013	6.101228275698525
1009	1013	2.5793069175877346
=========================

Tempo:580018.0346666666
Destinazione	 NEXTHOP	 Costo
1011	1013	1.747620596056622
1010	1013	2.1634637568221784
1008	1013	2.9951500783532907
1019	1015	4.8673696899334455
1007	1013	3.410993239118847
1018	1015	3.753901476868518
1006	1013	3.826836399884403
1017	1015	3.459271438345647
1005	1013	4.242679560649959
1016	1015	1.6371724508876755
1004	1013	4.658522721415515
1015	1015	1.1134682130649278
1003	1013	5.0743658821810715
1002	1013	5.490209042946628
1013	1013	1.1125146986694243
1012	1013	1.6458203468838186
1001	1013	6.101228275698525
1009	1013	2.5793069175877346
=========================

Tempo:580018.0346666666
Destinazione	 NEXTHOP	 Costo
1011	1013	1.747620596056622
1010	1013	2.1634637568221784
1008	1013	2.9951500783532907
1019	1015	4.86547855304903
1007	1013	3.410993239118847
1018	1015	3.753901476868518
1006	1013	3.826836399884403
1017	1015	3.459271438345647
1005	1013	4.242679560649959
1016	1015	1.6371724508876755
1004	1013	4.658522721415515
1015	1015	1.1115770761805124
1003	1013	5.0743658821810715
1002	1013	5.490209042946628
1013	1013	1.1125146986694243
1012	1013	1.6458203468838186
1001	1013	6.101228275698525
1009	1013	2.5793069175877346
=========================

Tempo:580018.0346666666
Destinazione	 NEXTHOP	 Costo
1011	1013	1.747620596056622
1010	1013	2.1634637568221784
1008	1013	2.9951500783532907
1019	1015	4.86547855304903
1007	1013	3.410993239118847
1018	1015	3.753901476868518
1006	1013	3.826836399884403
1017	1015	3.459271438345647
1005	1013	4.242679560649959
1016	1015	1.6371724508876755
1004	1013	4.658522721415515
1015	1015	1.1115770761805124
1003	1013	5.0743658821810715
1002	1013	5.490209042946628
1013	1013	1.1125146986694243
1012	1013	1.6458203468838186
1001	1013	6.101228275698525
1009	1013	2.5793069175877346
=========================

Tempo:585018.0346666666
Destinazione	 NEXTHOP	 Costo
1011	1013	1.747620596056622
1010	1013	2.1634637568221784
1008	1013	2.9951500783532907
1019	1015	4.86547855304903
1007	1013	3.410993239118847
1018	1015	3.753901476868518
1006	1013	3.826836399884403
1017	1015	3.459271438345647
1005	1013	4.242679560649959
1016	1015	1.6371724508876755
1004	1013	4.658522721415515
1015	1015	1.1115770761805124
1003	1013	5.0743658821810715
1002	1013	5.490209042946628
1013	1013	1.1106549515839794
1012	1013	1.6458203468838186
1001	1013	6.101228275698525
1009	1013	2.5793069175877346
=========================

Tempo:585018.0346666666
Destinazione	 NEXTHOP	 Costo
1011	1013	1.747620596056622
1010	1013	2.1634637568221784
1020	1015	7.473825278501138
1008	1013	2.9951500783532907
1019	1015	4.863649420652629
1007	1013	3.410993239118847
1018	1015	3.753901476868518
1006	1013	3.826836399884403
1017	1015	3.459271438345647
1005	1013	4.242679560649959
1016	1015	1.6371724508876755
1004	1013	4.658522721415515
1015	1015	1.109747943784111
1003	1013	5.0743658821810715
1002	1013	5.490209042946628
1013	1013	1.1106549515839794
1012	1013	1.6458203468838186
1001	1013	6.101228275698525
1009	1013	2.5793069175877346
=========================

Tempo:590018.0346666666
Destinazione	 NEXTHOP	 Costo
1011	1013	1.747620596056622
1010	1013	2.1634637568221784
1020	1015	7.473825278501138
1008	1013	2.9951500783532907
1019	1015	4.863649420652629
1007	1013	3.410993239118847
1018	1015	3.753901476868518
1006	1013	3.826836399884403
1017	1015	3.459271438345647
1005	1013	4.242679560649959
1016	1015	1.6371724508876755
1004	1013	4.658522721415515
1015	1015	1.109747943784111
1003	1013	5.0743658821810715
1002	1013	5.490209042946628
1013	1013	1.108855684078549
1012	1013	1.6458203468838186
1001	1013	6.101228275698525
1009	1013	2.5793069175877346
=========================

Tempo:590018.0346666666
Destinazione	 NEXTHOP	 Costo
1011	1013	1.747620596056622
1010	1013	2.1634637568221784
1020	1015	6.30533142809408
1008	1013	2.9951500783532907
1019	1015	4.861879292527079
1007	1013	3.410993239118847
1018	1015	3.753901476868518
1006	1013	3.826836399884403
1017	1015	3.459271438345647
1005	1013	4.242679560649959
1016	1015	1.6371724508876755
1004	1013	4.658522721415515
1015	1015	1.107977815658561
1003	1013	5.0743658821810715
1002	1013	5.490209042946628
1013	1013	1.108855684078549
1012	1013	1.6458203468838186
1001	1013	6.101228275698525
1009	1013	2.5793069175877346
=========================

Tempo:595018.0346666666
Destinazione	 NEXTHOP	 Costo
1011	1013	1.747620596056622
1010	1013	2.1634637568221784
1020	1015	6.30533142809408
1008	1013	2.9951500783532907
1019	1015	4.861879292527079
1007	1013	3.410993239118847
1018	1015	3.753901476868518
1006	1013	3.826836399884403
1017	1015	3.459271438345647
1005	1013	4.242679560649959
1016	1015	1.6371724508876755
1004	1013	4.658522721415515
1015	1015	1.107977815658561
1003	1013	5.0743658821810715
1002	1013	5.490209042946628
1013	1013	1.1071139931332925
1012	1013	1.6458203468838186
1001	1013	6.101228275698525
1009	1013	2.5793069175877346
=========================

Tempo:595018.0346666666
Destinazione	 NEXTHOP	 Costo
1011	1013	1.747620596056622
1010	1013	2.1634637568221784
1020	1015	6.177826123828508
1008	1013	2.9951500783532907
1019	1015	4.860165358945197
1007	1013	3.410993239118847
1018	1015	3.753901476868518
1006	1013	3.826836399884403
1017	1015	3.459271438345647
1005	1013	4.242679560649959
1016	1015	1.6371724508876755
1004	1013	4.658522721415515
1015	1015	1.106263882076679
1003	1013	5.0743658821810715
1002	1013	5.490209042946628
1013	1013	1.1071139931332925
1012	1013	1.6458203468838186
1001	1013	6.101228275698525
1009	1013	2.5793069175877346
=========================

Tempo:390018.03466666664
Destinazione	 NEXTHOP	 Costo
1011	1012	1.911527407698232
1010	1012	2.567761145526034
1008	1012	3.1634637568221784
1007	1012	3.5793069175877346
1006	1012	3.9951500783532907
1005	1012	4.410993239118847
1004	1012	4.826836399884403
1003	1012	5.242679560649959
1002	1012	5.658522721415515
1013	1012	1.489040573990625
1012	1012	1.0
1001	1012	6.269541954167413
1009	1012	2.7476205960566222
=========================

Tempo:390018.03466666664
Destinazione	 NEXTHOP	 Costo
1011	1012	1.911527407698232
1010	1013	2.4315388155426243
1008	1012	3.1634637568221784
1007	1012	3.5793069175877346
1006	1012	3.9951500783532907
1005	1012	4.410993239118847
1004	1012	4.826836399884403
1003	1012	5.242679560649959
1002	1012	5.658522721415515
1013	1013	0.6839182194860022
1012	1012	1.0
1001	1012	6.269541954167413
1009	1012	2.7476205960566222
=========================

Tempo:395018.03466666664
Destinazione	 NEXTHOP	 Costo
1011	1012	1.911527407698232
1010	1013	2.4315388155426243
1008	1012	3.1634637568221784
1007	1012	3.5793069175877346
1006	1012	3.9951500783532907
1005	1012	4.410993239118847
1004	1012	4.826836399884403
1003	1012	5.242679560649959
1002	1012	5.658522721415515
1013	1013	0.6839182194860022
1012	1012	1.5678327897201771
1001	1012	6.269541954167413
1009	1012	2.7476205960566222
=========================

Tempo:395018.03466666664
Destinazione	 NEXTHOP	 Costo
1011	1013	1.7849514705000278
1010	1013	2.4315388155426243
1008	1012	3.1634637568221784
1007	1012	3.5793069175877346
1006	1012	3.9951500783532907
1005	1012	4.410993239118847
1004	1012	4.826836399884403
1003	1012	5.242679560649959
1002	1012	5.658522721415515
1013	1013	0.684293188405094
1012	1013	1.170658478591129
1001	1012	6.269541954167413
1009	1012	2.7476205960566222
=========================

Tempo:400018.03466666664
Destinazione	 NEXTHOP	 Costo
1011	1013	1.7849514705000278
1010	1013	2.4315388155426243
1008	1012	3.1634637568221784
1007	1012	3.5793069175877346
1006	1012	3.9951500783532907
1005	1012	4.410993239118847
1004	1012	4.826836399884403
1003	1012	5.242679560649959
1002	1012	5.658522721415515
1013	1013	0.684293188405094
1012	1012	1.6797113495622755
1001	1012	6.269541954167413
1009	1012	2.7476205960566222
=========================

Tempo:400018.03466666664
Destinazione	 NEXTHOP	 Costo
1011	1013	1.747620596056622
1010	1013	2.3049170423855294
1008	1013	3.1366033639166417
1007	1013	3.552446524682198
1006	1013	3.968289685447754
1005	1013	4.38413284621331
1004	1013	4.799976006978866
1003	1013	5.215819167744423
1002	1013	5.631662328509979
1013	1013	0.5572964463289072
1012	1013	1.2497938577503198
1001	1013	6.242681561261876
1009	1013	2.7207602031510856
=========================

Tempo:405018.03466666664
Destinazione	 NEXTHOP	 Costo
1011	1013	1.747620596056622
1010	1013	2.3049170423855294
1008	1013	3.1366033639166417
1007	1013	3.552446524682198
1006	1013	3.968289685447754
1005	1013	4.38413284621331
1004	1013	4.799976006978866
1003	1013	5.215819167744423
1002	1013	5.631662328509979
1013	1013	0.5572964463289072
1012	1012	1.8557637275385024
1001	1013	6.242681561261876
1009	1013	2.7207602031510856
=========================

Tempo:405018.03466666664
Destinazione	 NEXTHOP	 Costo
1011	1013	1.747620596056622
1010	1013	2.1683325873392225
1008	1013	3.0000189088703353
1007	1013	3.4158620696358915
1006	1013	3.8317052304014476
1005	1013	4.247548391167004
1004	1013	4.66339155193256
1003	1013	5.079234712698116
1002	1013	5.495077873463672
1013	1013	0.4207119912826007
1012	1013	1.41302007431284
1001	1013	6.10609710621557
1009	1013	2.584175748104779
=========================

Tempo:410018.03466666664
Destinazione	 NEXTHOP	 Costo
1011	1013	1.747620596056622
1010	1013	2.1683325873392225
1008	1013	3.0000189088703353
1007	1013	3.4158620696358915
1006	1013	3.8317052304014476
1005	1013	4.247548391167004
1004	1013	4.66339155193256
1003	1013	5.079234712698116
1002	1013	5.495077873463672
1013	1013	0.4207119912826007
1012	1012	2.170969798412021
1001	1013	6.10609710621557
1009	1013	2.584175748104779
=========================

Tempo:410018.03466666664
Destinazione	 NEXTHOP	 Costo
1011	1013	1.747620596056622
1010	1013	2.1634637568221784
1008	1013	2.9951500783532907
1007	1013	3.410993239118847
1006	1013	3.826836399884403
1005	1013	4.242679560649959
1004	1013	4.658522721415515
1003	1013	5.0743658821810715
1002	1013	5.490209042946628
1013	1013	0.41584316076555616
1012	1013	1.486372171100703
1001	1013	6.101228275698525
1009	1013	2.5793069175877346
=========================

Tempo:415018.03466666664
Destinazione	 NEXTHOP	 Costo
1011	1013	1.747620596056622
1010	1013	2.1634637568221784
1008	1013	2.9951500783532907
1007	1013	3.410993239118847
1006	1013	3.826836399884403
1005	1013	4.242679560649959
1004	1013	4.658522721415515
1003	1013	5.0743658821810715
1002	1013	5.490209042946628
1013	1013	0.41584316076555616
1012	1012	2.442341498385543
1001	1013	6.101228275698525
1009	1013	2.5793069175877346
=========================

Tempo:415018.03466666664
Destinazione	 NEXTHOP	 Costo
1011	1013	1.747620596056622
1010	1013	2.1634637568221784
1008	1013	2.9951500783532907
1007	1013	3.410993239118847
1006	1013	3.826836399884403
1005	1013	4.242679560649959
1004	1013	4.658522721415515
1003	1013	5.0743658821810715
1002	1013	5.490209042946628
1013	1013	0.4395188195416564
1012	1013	1.525658783394507
1001	1013	6.101228275698525
1009	1013	2.5793069175877346
=========================

Tempo:420018.03466666664
Destinazione	 NEXTHOP	 Costo
1011	1013	1.747620596056622
1010	1013	2.1634637568221784
1008	1013	2.9951500783532907
1007	1013	3.410993239118847
1006	1013	3.826836399884403
1005	1013	4.242679560649959
1004	1013	4.658522721415515
1003	1013	5.0743658821810715
1002	1013	5.490209042946628
1013	1013	0.4395188195416564
1012	1012	2.369044990398309
1001	1013	6.101228275698525
1009	1013	2.5793069175877346
=========================

Tempo:420018.03466666664
Destinazione	 NEXTHOP	 Costo
1011	1013	1.747620596056622
1010	1013	2.1634637568221784
1008	1013	2.9951500783532907
1007	1013	3.410993239118847
1006	1013	3.826836399884403
1005	1013	4.242679560649959
1004	1013	4.658522721415515
1003	1013	5.0743658821810715
1002	1013	5.490209042946628
1013	1013	0.4625118556936663
1012	1013	1.3740392633918985
1001	1013	6.101228275698525
1009	1013	2.5793069175877346
=========================

Tempo:420018.03466666664
Destinazione	 NEXTHOP	 Costo
1011	1013	1.747620596056622
1010	1013	2.1634637568221784
1008	1013	2.9951500783532907
1007	1013	3.410993239118847
1006	1013	3.826836399884403
1005	1013	4.242679560649959
1004	1013	4.658522721415515
1015	1015	1.0568902869439392
1003	1013	5.0743658821810715
1002	1013	5.490209042946628
1013	1013	0.4625118556936663
1012	1013	1.3740392633918985
1001	1013	6.101228275698525
1009	1013	2.5793069175877346
=========================

Tempo:425018.03466666664
Destinazione	 NEXTHOP	 Costo
1011	1013	1.747620596056622
1010	1013	2.1634637568221784
1008	1013	2.9951500783532907
1007	1013	3.410993239118847
1006	1013	3.826836399884403
1005	1013	4.242679560649959
1004	1013	4.658522721415515
1015	1015	1.0568902869439392
1003	1013	5.0743658821810715
1002	1013	5.490209042946628
1013	1013	0.4625118556936663
1012	1012	2.025545059868497
1001	1013	6.101228275698525
1009	1013	2.5793069175877346
=========================

Tempo:425018.03466666664
Destinazione	 NEXTHOP	 Costo
1011	1013	1.747620596056622
1010	1013	2.1634637568221784
1008	1013	2.9951500783532907
1007	1013	3.410993239118847
1006	1013	3.826836399884403
1005	1013	4.242679560649959
1004	1013	4.658522721415515
1015	1015	1.0568902869439392
1003	1013	5.0743658821810715
1002	1013	5.490209042946628
1013	1013	0.4863652901860349
1012	1013	1.1006582820949338
1001	1013	6.101228275698525
1009	1013	2.5793069175877346
=========================

Tempo:425018.03466666664
Destinazione	 NEXTHOP	 Costo
1011	1013	1.747620596056622
1010	1013	2.1634637568221784
1008	1013	2.9951500783532907
1007	1013	3.410993239118847
1006	1013	3.826836399884403
1005	1013	4.242679560649959
1004	1013	4.658522721415515
1015	1015	1.0893741353858195
1003	1013	5.0743658821810715
1002	1013	5.490209042946628
1013	1013	0.4863652901860349
1012	1013	1.1006582820949338
1001	1013	6.101228275698525
1009	1013	2.5793069175877346
=========================

Tempo:430018.03466666664
Destinazione	 NEXTHOP	 Costo
1011	1013	1.747620596056622
1010	1013	2.1634637568221784
1008	1013	2.9951500783532907
1007	1013	3.410993239118847
1006	1013	3.826836399884403
1005	1013	4.242679560649959
1004	1013	4.658522721415515
1015	1015	1.0893741353858195
1003	1013	5.0743658821810715
1002	1013	5.490209042946628
1013	1013	0.4863652901860349
1012	1012	2.2516884503573653
1001	1013	6.101228275698525
1009	1013	2.5793069175877346
=========================

Tempo:430018.03466666664
Destinazione	 NEXTHOP	 Costo
1011	1013	1.747620596056622
1010	1013	2.1634637568221784
1008	1013	2.9951500783532907
1007	1013	3.410993239118847
1006	1013	3.826836399884403
1005	1013	4.242679560649959
1004	1013	4.658522721415515
1015	1015	1.0893741353858195
1003	1013	5.0743658821810715
1002	1013	5.490209042946628
1013	1013	0.6924974114214126
1012	1013	1.1903241497277148
1001	1013	6.101228275698525
1009	1013	2.5793069175877346
=========================

Tempo:430018.03466666664
Destinazione	 NEXTHOP	 Costo
1011	1013	1.747620596056622
1010	1013	2.1634637568221784
1008	1013	2.9951500783532907
1007	1013	3.410993239118847
1006	1013	3.826836399884403
1005	1013	4.242679560649959
1004	1013	4.658522721415515
1015	1015	0.8249493898624018
1003	1013	5.0743658821810715
1002	1013	5.490209042946628
1013	1013	0.6924974114214126
1012	1013	1.1903241497277148
1001	1013	6.101228275698525
1009	1013	2.5793069175877346
=========================

Tempo:390018.03466666664
Destinazione	 NEXTHOP	 Costo
1011	1012	1.911527407698232
1010	1012	2.567761145526034
1008	1012	3.1634637568221784
1007	1012	3.5793069175877346
1006	1012	3.9951500783532907
1005	1012	4.410993239118847
1004	1012	4.826836399884403
1003	1012	5.242679560649959
1002	1012	5.658522721415515
1013	1012	1.489040573990625
1012	1012	1.0
1001	1012	6.269541954167413
1009	1012	2.7476205960566222
=========================
